     1     1     1     1   2.276960407261190
     2     1     1     1  -0.336965292867332
     2     2     1     1   0.053058964525264
     2     2     1     2  -0.021559411673639
     2     1     2     1   0.178747890451881
     2     2     2     1  -0.021559411673639
     2     2     2     2   0.027025941276732
     3     1     1     1   0.255234311630571
     3     2     1     1  -0.033720904533440
     3     2     1     2   0.026082284803719
     3     3     1     1   0.033806660987566
     3     3     1     2   0.027155938533430
     3     3     1     3   0.065272147995706
     3     1     2     1   0.149464311790036
     3     2     2     1  -0.013743492015716
     3     2     2     2   0.033975355217711
     3     3     2     1   0.027155938533430
     3     3     2     2   0.048377502388477
     3     3     2     3   0.112702359739281
     3     1     3     1   0.384302042124470
     3     2     3     1  -0.039126018467326
     3     2     3     2   0.079449020080546
     3     3     3     1   0.065272147995706
     3     3     3     2   0.112702359739281
     3     3     3     3   0.273849975689064
     4     4     1     1   0.007109336138860
     4     4     1     2   0.003551010880439
     4     4     1     3   0.007061453408497
     4     4     2     1   0.003551010880439
     4     4     2     2   0.008055331875048
     4     4     2     3   0.013550335275442
     4     4     3     1   0.007061453408497
     4     4     3     2   0.013550335275442
     4     4     3     3   0.023843259201781
     4     1     4     1   0.238608701689808
     4     2     4     1  -0.024987361943569
     4     2     4     2   0.043294104376175
     4     3     4     1   0.039607978181164
     4     3     4     2   0.057880380079746
     4     3     4     3   0.133853126165039
     4     4     4     4   0.078081859434436
     4     5     4     5   0.069488474109834
     4     6     4     6   0.069488474109834
     4     4     5     5   0.004296692662301
     4     5     5     4   0.004296692662301
     4     4     6     6   0.004296692662301
     4     6     6     4   0.004296692662301
     5     5     1     1   0.007109336138860
     5     5     1     2   0.003551010880439
     5     5     1     3   0.007061453408497
     5     5     2     1   0.003551010880439
     5     5     2     2   0.008055331875048
     5     5     2     3   0.013550335275442
     5     5     3     1   0.007061453408497
     5     5     3     2   0.013550335275442
     5     5     3     3   0.023843259201781
     5     4     4     5   0.004296692662301
     5     5     4     4   0.004296692662301
     5     1     5     1   0.238608701689808
     5     2     5     1  -0.024987361943569
     5     2     5     2   0.043294104376175
     5     3     5     1   0.039607978181164
     5     3     5     2   0.057880380079746
     5     3     5     3   0.133853126165039
     5     4     5     4   0.069488474109834
     5     5     5     5   0.078081859434436
     5     6     5     6   0.069488474109834
     5     5     6     6   0.004296692662301
     5     6     6     5   0.004296692662301
     6     6     1     1   0.007109336138860
     6     6     1     2   0.003551010880439
     6     6     1     3   0.007061453408497
     6     6     2     1   0.003551010880439
     6     6     2     2   0.008055331875048
     6     6     2     3   0.013550335275442
     6     6     3     1   0.007061453408497
     6     6     3     2   0.013550335275442
     6     6     3     3   0.023843259201781
     6     4     4     6   0.004296692662301
     6     6     4     4   0.004296692662301
     6     5     5     6   0.004296692662301
     6     6     5     5   0.004296692662301
     6     1     6     1   0.238608701689808
     6     2     6     1  -0.024987361943569
     6     2     6     2   0.043294104376175
     6     3     6     1   0.039607978181164
     6     3     6     2   0.057880380079746
     6     3     6     3   0.133853126165039
     6     4     6     4   0.069488474109834
     6     5     6     5   0.069488474109834
     6     6     6     6   0.078081859434436
     7     4     1     1   0.001413424802304
     7     4     1     2   0.001049349480346
     7     4     1     3   0.001922133187870
     7     7     1     1   0.000304119142769
     7     7     1     2   0.000718078362724
     7     7     1     3   0.001614229084222
     7     4     2     1   0.002366364213137
     7     4     2     2   0.006242890510990
     7     4     2     3   0.011113980598691
     7     7     2     1   0.000718078362724
     7     7     2     2   0.005438172038228
     7     7     2     3   0.014648082845377
     7     4     3     1   0.005167871122633
     7     4     3     2   0.015016887146894
     7     4     3     3   0.028572804185704
     7     7     3     1   0.001614229084222
     7     7     3     2   0.014648082845377
     7     7     3     3   0.046374186422919
     7     1     4     1   0.154402060054853
     7     2     4     1  -0.015487781298777
     7     2     4     2   0.032596772615306
     7     3     4     1   0.026497049897963
     7     3     4     2   0.046185548257384
     7     3     4     3   0.110390745862449
     7     4     4     4   0.059112945571734
     7     5     4     5   0.052881173697546
     7     6     4     6   0.052881173697546
     7     7     4     4   0.048662130897054
     7     7     4     7   0.097549903400277
     7     8     4     5   0.042975603296639
     7     8     4     8   0.087355155120045
     7     9     4     6   0.042975603296639
     7     9     4     9   0.087355155120045
     7     4     5     5   0.003115885937094
     7     5     5     4   0.003115885937094
     7     7     5     5   0.002843263800207
     7     7     5     8   0.005097374140116
     7     8     5     4   0.002843263800207
     7     8     5     7   0.005097374140116
     7     4     6     6   0.003115885937094
     7     6     6     4   0.003115885937094
     7     7     6     6   0.002843263800207
     7     7     6     9   0.005097374140116
     7     9     6     4   0.002843263800207
     7     9     6     7   0.005097374140116
     7     1     7     1   0.261267318598558
     7     2     7     1  -0.025709892864879
     7     2     7     2   0.060586124748787
     7     3     7     1   0.045550993976935
     7     3     7     2   0.090207083429206
     7     3     7     3   0.229924784418640
     7     4     7     4   0.108589916178774
     7     5     7     5   0.100115800499956
     7     6     7     6   0.100115800499956
     7     7     7     4   0.097549903400277
     7     7     7     7   0.226061175029749
     7     8     7     5   0.087355155120045
     7     8     7     8   0.198380214822025
     7     9     7     6   0.087355155120045
     7     9     7     9   0.198380214822025
     7     4     8     5   0.004237057839409
     7     5     8     4   0.004237057839409
     7     7     8     5   0.005097374140116
     7     7     8     8   0.013840480103862
     7     8     8     4   0.005097374140116
     7     8     8     7   0.013840480103862
     7     4     9     6   0.004237057839409
     7     6     9     4   0.004237057839409
     7     7     9     6   0.005097374140116
     7     7     9     9   0.013840480103862
     7     9     9     4   0.005097374140116
     7     9     9     7   0.013840480103862
     8     5     1     1   0.001413424802304
     8     5     1     2   0.001049349480346
     8     5     1     3   0.001922133187870
     8     8     1     1   0.000304119142769
     8     8     1     2   0.000718078362724
     8     8     1     3   0.001614229084222
     8     5     2     1   0.002366364213137
     8     5     2     2   0.006242890510990
     8     5     2     3   0.011113980598691
     8     8     2     1   0.000718078362724
     8     8     2     2   0.005438172038228
     8     8     2     3   0.014648082845377
     8     5     3     1   0.005167871122633
     8     5     3     2   0.015016887146894
     8     5     3     3   0.028572804185704
     8     8     3     1   0.001614229084222
     8     8     3     2   0.014648082845377
     8     8     3     3   0.046374186422919
     8     4     4     5   0.003115885937094
     8     5     4     4   0.003115885937094
     8     7     4     5   0.002843263800207
     8     7     4     8   0.005097374140116
     8     8     4     4   0.002843263800207
     8     8     4     7   0.005097374140116
     8     1     5     1   0.154402060054853
     8     2     5     1  -0.015487781298777
     8     2     5     2   0.032596772615306
     8     3     5     1   0.026497049897963
     8     3     5     2   0.046185548257384
     8     3     5     3   0.110390745862449
     8     4     5     4   0.052881173697546
     8     5     5     5   0.059112945571734
     8     6     5     6   0.052881173697546
     8     7     5     4   0.042975603296639
     8     7     5     7   0.087355155120045
     8     8     5     5   0.048662130897054
     8     8     5     8   0.097549903400277
     8     9     5     6   0.042975603296639
     8     9     5     9   0.087355155120045
     8     5     6     6   0.003115885937094
     8     6     6     5   0.003115885937094
     8     8     6     6   0.002843263800207
     8     8     6     9   0.005097374140116
     8     9     6     5   0.002843263800207
     8     9     6     8   0.005097374140116
     8     4     7     5   0.004237057839409
     8     5     7     4   0.004237057839409
     8     7     7     5   0.005097374140116
     8     7     7     8   0.013840480103862
     8     8     7     4   0.005097374140116
     8     8     7     7   0.013840480103862
     8     1     8     1   0.261267318598558
     8     2     8     1  -0.025709892864879
     8     2     8     2   0.060586124748787
     8     3     8     1   0.045550993976935
     8     3     8     2   0.090207083429206
     8     3     8     3   0.229924784418640
     8     4     8     4   0.100115800499956
     8     5     8     5   0.108589916178774
     8     6     8     6   0.100115800499956
     8     7     8     4   0.087355155120045
     8     7     8     7   0.198380214822025
     8     8     8     5   0.097549903400277
     8     8     8     8   0.226061175029749
     8     9     8     6   0.087355155120045
     8     9     8     9   0.198380214822025
     8     5     9     6   0.004237057839409
     8     6     9     5   0.004237057839409
     8     8     9     6   0.005097374140116
     8     8     9     9   0.013840480103862
     8     9     9     5   0.005097374140116
     8     9     9     8   0.013840480103862
     9     6     1     1   0.001413424802304
     9     6     1     2   0.001049349480346
     9     6     1     3   0.001922133187870
     9     9     1     1   0.000304119142769
     9     9     1     2   0.000718078362724
     9     9     1     3   0.001614229084222
     9     6     2     1   0.002366364213137
     9     6     2     2   0.006242890510990
     9     6     2     3   0.011113980598691
     9     9     2     1   0.000718078362724
     9     9     2     2   0.005438172038228
     9     9     2     3   0.014648082845377
     9     6     3     1   0.005167871122633
     9     6     3     2   0.015016887146894
     9     6     3     3   0.028572804185704
     9     9     3     1   0.001614229084222
     9     9     3     2   0.014648082845377
     9     9     3     3   0.046374186422919
     9     4     4     6   0.003115885937094
     9     6     4     4   0.003115885937094
     9     7     4     6   0.002843263800207
     9     7     4     9   0.005097374140116
     9     9     4     4   0.002843263800207
     9     9     4     7   0.005097374140116
     9     5     5     6   0.003115885937094
     9     6     5     5   0.003115885937094
     9     8     5     6   0.002843263800207
     9     8     5     9   0.005097374140116
     9     9     5     5   0.002843263800207
     9     9     5     8   0.005097374140116
     9     1     6     1   0.154402060054853
     9     2     6     1  -0.015487781298777
     9     2     6     2   0.032596772615306
     9     3     6     1   0.026497049897963
     9     3     6     2   0.046185548257384
     9     3     6     3   0.110390745862449
     9     4     6     4   0.052881173697546
     9     5     6     5   0.052881173697546
     9     6     6     6   0.059112945571734
     9     7     6     4   0.042975603296639
     9     7     6     7   0.087355155120045
     9     8     6     5   0.042975603296639
     9     8     6     8   0.087355155120045
     9     9     6     6   0.048662130897054
     9     9     6     9   0.097549903400277
     9     4     7     6   0.004237057839409
     9     6     7     4   0.004237057839409
     9     7     7     6   0.005097374140116
     9     7     7     9   0.013840480103862
     9     9     7     4   0.005097374140116
     9     9     7     7   0.013840480103862
     9     5     8     6   0.004237057839409
     9     6     8     5   0.004237057839409
     9     8     8     6   0.005097374140116
     9     8     8     9   0.013840480103862
     9     9     8     5   0.005097374140116
     9     9     8     8   0.013840480103862
     9     1     9     1   0.261267318598558
     9     2     9     1  -0.025709892864879
     9     2     9     2   0.060586124748787
     9     3     9     1   0.045550993976935
     9     3     9     2   0.090207083429206
     9     3     9     3   0.229924784418640
     9     4     9     4   0.100115800499956
     9     5     9     5   0.100115800499956
     9     6     9     6   0.108589916178774
     9     7     9     4   0.087355155120045
     9     7     9     7   0.198380214822025
     9     8     9     5   0.087355155120045
     9     8     9     8   0.198380214822025
     9     9     9     6   0.097549903400277
     9     9     9     9   0.226061175029749
    10     1     1     1   0.057312649135691
    10     2     1     1  -0.006594423954648
    10     2     1     2   0.007837118423667
    10     3     1     1   0.008795771675224
    10     3     1     2   0.009443530878943
    10     3     1     3   0.021779212607255
    10     4     1     4   0.013663484614776
    10     5     1     5   0.012377828901163
    10     6     1     6   0.012377828901163
    10     7     1     4   0.009374513534645
    10     7     1     7   0.016102324695314
    10     8     1     5   0.008691741730157
    10     8     1     8   0.015423725795363
    10     9     1     6   0.008691741730157
    10     9     1     9   0.015423725795363
    10    10     1     1   0.002799805164343
    10    10     1     2   0.009103853485609
    10    10     1     3   0.016561445668016
    10    10     1    10   0.026265773442466
    10    10     1    13   0.008306173845390
    10    10     1    15   0.008306173845390
    10    11     1    11   0.024918521536169
    10    12     1    12   0.024918521536169
    10    13     1     1   0.002498714347261
    10    13     1     2   0.008354097831136
    10    13     1     3   0.015355050383319
    10    13     1    10   0.008306173845390
    10    13     1    13   0.023571269629872
    10    13     1    15   0.007857089876624
    10    14     1    14   0.023571269629872
    10    15     1     1   0.002498714347261
    10    15     1     2   0.008354097831136
    10    15     1     3   0.015355050383319
    10    15     1    10   0.008306173845390
    10    15     1    13   0.007857089876624
    10    15     1    15   0.023571269629872
    10     1     2     1   0.146828490447593
    10     2     2     1  -0.014534180267453
    10     2     2     2   0.031076419460689
    10     3     2     1   0.025405545515009
    10     3     2     2   0.043482460309648
    10     3     2     3   0.101221932145209
    10     4     2     4   0.056711376361747
    10     5     2     5   0.050160005621501
    10     6     2     6   0.050160005621501
    10     7     2     4   0.045154700322155
    10     7     2     7   0.085700417088018
    10     8     2     5   0.039771021055366
    10     8     2     8   0.077695488999461
    10     9     2     6   0.039771021055366
    10     9     2     9   0.077695488999461
    10    10     2     1   0.009103853485609
    10    10     2     2   0.042933540684530
    10    10     2     3   0.080671871423586
    10    10     2    10   0.131601665275908
    10    10     2    13   0.039977256988435
    10    10     2    15   0.039977256988435
    10    11     2    11   0.119931770965304
    10    12     2    12   0.119931770965304
    10    13     2     1   0.008354097831136
    10    13     2     2   0.037408320892089
    10    13     2     3   0.070743020940214
    10    13     2    10   0.039977256988435
    10    13     2    13   0.108261876654700
    10    13     2    15   0.036087292218233
    10    14     2    14   0.108261876654700
    10    15     2     1   0.008354097831136
    10    15     2     2   0.037408320892089
    10    15     2     3   0.070743020940214
    10    15     2    10   0.039977256988435
    10    15     2    13   0.036087292218233
    10    15     2    15   0.108261876654700
    10     1     3     1   0.270300217918423
    10     2     3     1  -0.026948700367978
    10     2     3     2   0.057920247863179
    10     3     3     1   0.046584127766420
    10     3     3     2   0.082214741096557
    10     3     3     3   0.195591327109504
    10     4     3     4   0.105261998041866
    10     5     3     5   0.093875293705882
    10     6     3     6   0.093875293705882
    10     7     3     4   0.086600901514844
    10     7     3     7   0.171952505620716
    10     8     3     5   0.076259954461609
    10     8     3     8   0.154078505971122
    10     9     3     6   0.076259954461609
    10     9     3     9   0.154078505971122
    10    10     3     1   0.016561445668016
    10    10     3     2   0.080671871423586
    10    10     3     3   0.154333433236592
    10    10     3    10   0.250393639323391
    10    10     3    13   0.076183344263982
    10    10     3    15   0.076183344263982
    10    11     3    11   0.228550032791947
    10    12     3    12   0.228550032791947
    10    13     3     1   0.015355050383319
    10    13     3     2   0.070743020940214
    10    13     3     3   0.135435461819866
    10    13     3    10   0.076183344263982
    10    13     3    13   0.206706426260503
    10    13     3    15   0.068902142086834
    10    14     3    14   0.206706426260503
    10    15     3     1   0.015355050383319
    10    15     3     2   0.070743020940214
    10    15     3     3   0.135435461819866
    10    15     3    10   0.076183344263982
    10    15     3    13   0.068902142086834
    10    15     3    15   0.206706426260503
    10     4     4     1   0.009157374038161
    10     4     4     2   0.020847022317247
    10     4     4     3   0.036264779471179
    10     7     4     1   0.002638085925322
    10     7     4     2   0.017192919452961
    10     7     4     3   0.043416374076692
    10    10     4     4   0.058861994464800
    10    10     4     7   0.059258275286844
    10    11     4     5   0.029897502629435
    10    11     4     8   0.030189503406967
    10    12     4     6   0.029897502629435
    10    12     4     9   0.030189503406967
    10    13     4     4   0.017261331191202
    10    13     4     7   0.017429917918713
    10    15     4     4   0.017261331191202
    10    15     4     7   0.017429917918713
    10     5     5     1   0.003052458012720
    10     5     5     2   0.006949007439082
    10     5     5     3   0.012088259823726
    10     8     5     1   0.000879361975107
    10     8     5     2   0.005730973150987
    10     8     5     3   0.014472124692231
    10    10     5     5   0.008113110694132
    10    10     5     8   0.008132813149806
    10    11     5     4   0.014052319929667
    10    11     5     7   0.014086445583928
    10    13     5     5   0.017261331191202
    10    13     5     8   0.017429917918713
    10    14     5     6   0.009965834209812
    10    14     5     9   0.010063167802322
    10    15     5     5   0.005753777063734
    10    15     5     8   0.005809972639571
    10     6     6     1   0.003052458012720
    10     6     6     2   0.006949007439082
    10     6     6     3   0.012088259823726
    10     9     6     1   0.000879361975107
    10     9     6     2   0.005730973150987
    10     9     6     3   0.014472124692231
    10    10     6     6   0.008113110694132
    10    10     6     9   0.008132813149806
    10    12     6     4   0.014052319929667
    10    12     6     7   0.014086445583928
    10    13     6     6   0.005753777063734
    10    13     6     9   0.005809972639571
    10    14     6     5   0.009965834209812
    10    14     6     8   0.010063167802322
    10    15     6     6   0.017261331191202
    10    15     6     9   0.017429917918713
    10     4     7     1   0.006847907270115
    10     4     7     2   0.019888589873900
    10     4     7     3   0.036494799230814
    10     7     7     1   0.002132597567632
    10     7     7     2   0.018370025157417
    10     7     7     3   0.052155287441167
    10    10     7     4   0.059258275286844
    10    10     7     7   0.067060227737799
    10    11     7     5   0.030189503406967
    10    11     7     8   0.033937334297282
    10    12     7     6   0.030189503406967
    10    12     7     9   0.033937334297282
    10    13     7     4   0.017429917918713
    10    13     7     7   0.019593729092114
    10    15     7     4   0.017429917918713
    10    15     7     7   0.019593729092114
    10     5     8     1   0.002282635756705
    10     5     8     2   0.006629529957967
    10     5     8     3   0.012164933076938
    10     8     8     1   0.000710865855877
    10     8     8     2   0.006123341719139
    10     8     8     3   0.017385095813722
    10    10     8     5   0.008132813149806
    10    10     8     8   0.009290923184524
    10    11     8     4   0.014086445583928
    10    11     8     7   0.016092351004814
    10    13     8     5   0.017429917918713
    10    13     8     8   0.019593729092114
    10    14     8     6   0.010063167802322
    10    14     8     9   0.011312444765761
    10    15     8     5   0.005809972639571
    10    15     8     8   0.006531243030705
    10     6     9     1   0.002282635756705
    10     6     9     2   0.006629529957967
    10     6     9     3   0.012164933076938
    10     9     9     1   0.000710865855877
    10     9     9     2   0.006123341719139
    10     9     9     3   0.017385095813722
    10    10     9     6   0.008132813149806
    10    10     9     9   0.009290923184524
    10    12     9     4   0.014086445583928
    10    12     9     7   0.016092351004814
    10    13     9     6   0.005809972639571
    10    13     9     9   0.006531243030705
    10    14     9     5   0.010063167802322
    10    14     9     8   0.011312444765761
    10    15     9     6   0.017429917918713
    10    15     9     9   0.019593729092114
    10     1    10     1   0.415624315223793
    10     2    10     1  -0.041170253831839
    10     2    10     2   0.090553905621944
    10     3    10     1   0.071947463609517
    10     3    10     2   0.128629312930958
    10     3    10     3   0.303615964018318
    10     4    10     4   0.170313129014436
    10     5    10     5   0.143829102891210
    10     6    10     6   0.143829102891210
    10     7    10     4   0.140047596348764
    10     7    10     7   0.271966640284308
    10     8    10     5   0.116324733832100
    10     8    10     8   0.233392175066260
    10     9    10     6   0.116324733832100
    10     9    10     9   0.233392175066260
    10    10    10     1   0.026265773442466
    10    10    10     2   0.131601665275908
    10    10    10     3   0.250393639323391
    10    10    10    10   0.416830320265630
    10    10    10    13   0.119962957924295
    10    10    10    15   0.119962957924295
    10    11    10    11   0.359888873772885
    10    12    10    12   0.359888873772885
    10    13    10     1   0.023571269629872
    10    13    10     2   0.108261876654700
    10    13    10     3   0.206706426260503
    10    13    10    10   0.119962957924295
    10    13    10    13   0.313141548135618
    10    13    10    15   0.104380516045206
    10    14    10    14   0.313141548135618
    10    15    10     1   0.023571269629872
    10    15    10     2   0.108261876654700
    10    15    10     3   0.206706426260503
    10    15    10    10   0.119962957924295
    10    15    10    13   0.104380516045206
    10    15    10    15   0.313141548135618
    10     4    11     5   0.011467919708602
    10     5    11     4   0.011467919708602
    10     7    11     5   0.010272300794958
    10     7    11     8   0.016703233408114
    10     8    11     4   0.010272300794958
    10     8    11     7   0.016703233408114
    10    10    11    11   0.042706084869559
    10    11    11     1   0.002020877859445
    10    11    11     2   0.017504841465906
    10    11    11     3   0.032765409797166
    10    11    11    10   0.042706084869559
    10    11    11    13   0.035060494227950
    10    11    11    15   0.011686831409317
    10    12    11    14   0.020242185780428
    10    13    11    11   0.035060494227950
    10    14    11    12   0.020242185780428
    10    15    11    11   0.011686831409317
    10     4    12     6   0.011467919708602
    10     6    12     4   0.011467919708602
    10     7    12     6   0.010272300794958
    10     7    12     9   0.016703233408114
    10     9    12     4   0.010272300794958
    10     9    12     7   0.016703233408114
    10    10    12    12   0.042706084869559
    10    11    12    14   0.020242185780428
    10    12    12     1   0.002020877859445
    10    12    12     2   0.017504841465906
    10    12    12     3   0.032765409797166
    10    12    12    10   0.042706084869559
    10    12    12    13   0.011686831409317
    10    12    12    15   0.035060494227950
    10    13    12    12   0.011686831409317
    10    14    12    11   0.020242185780428
    10    15    12    12   0.035060494227950
    10     1    13     1   0.138541438407931
    10     2    13     1  -0.013723417943946
    10     2    13     2   0.030184635207315
    10     3    13     1   0.023982487869839
    10     3    13     2   0.042876437643653
    10     3    13     3   0.101205321339439
    10     4    13     4   0.052357038650941
    10     5    13     5   0.052357038650941
    10     6    13     6   0.047943034297070
    10     7    13     4   0.042728721696811
    10     7    13     7   0.084226469225095
    10     8    13     5   0.042728721696811
    10     8    13     8   0.084226469225095
    10     9    13     6   0.038774911277367
    10     9    13     9   0.077797391688754
    10    10    13     1   0.008306173845390
    10    10    13     2   0.039977256988435
    10    10    13     3   0.076183344263982
    10    10    13    10   0.119962957924295
    10    10    13    13   0.041686672784011
    10    10    13    15   0.037390578994917
    10    11    13    11   0.125060018352034
    10    12    13    12   0.112171736984750
    10    13    13     1   0.008306173845390
    10    13    13     2   0.039977256988435
    10    13    13     3   0.076183344263982
    10    13    13    10   0.041686672784011
    10    13    13    13   0.119962957924295
    10    13    13    15   0.037390578994917
    10    14    13    14   0.112171736984750
    10    15    13     1   0.007857089876624
    10    15    13     2   0.036087292218233
    10    15    13     3   0.068902142086834
    10    15    13    10   0.037390578994917
    10    15    13    13   0.037390578994917
    10    15    13    15   0.104380516045206
    10     5    14     6   0.003822639902867
    10     6    14     5   0.003822639902867
    10     8    14     6   0.003424100264986
    10     8    14     9   0.005567744469371
    10     9    14     5   0.003424100264986
    10     9    14     8   0.005567744469371
    10    10    14    14   0.006444140683642
    10    11    14    12   0.011161579075189
    10    12    14    11   0.011161579075189
    10    13    14    14   0.011686831409317
    10    14    14     1   0.000673625953148
    10    14    14     2   0.005834947155302
    10    14    14     3   0.010921803265722
    10    14    14    10   0.006444140683642
    10    14    14    13   0.011686831409317
    10    14    14    15   0.011686831409317
    10    15    14    14   0.011686831409317
    10     1    15     1   0.138541438407931
    10     2    15     1  -0.013723417943946
    10     2    15     2   0.030184635207315
    10     3    15     1   0.023982487869839
    10     3    15     2   0.042876437643653
    10     3    15     3   0.101205321339439
    10     4    15     4   0.052357038650941
    10     5    15     5   0.047943034297070
    10     6    15     6   0.052357038650941
    10     7    15     4   0.042728721696811
    10     7    15     7   0.084226469225095
    10     8    15     5   0.038774911277367
    10     8    15     8   0.077797391688754
    10     9    15     6   0.042728721696811
    10     9    15     9   0.084226469225095
    10    10    15     1   0.008306173845390
    10    10    15     2   0.039977256988435
    10    10    15     3   0.076183344263982
    10    10    15    10   0.119962957924295
    10    10    15    13   0.037390578994917
    10    10    15    15   0.041686672784011
    10    11    15    11   0.112171736984750
    10    12    15    12   0.125060018352034
    10    13    15     1   0.007857089876624
    10    13    15     2   0.036087292218233
    10    13    15     3   0.068902142086834
    10    13    15    10   0.037390578994917
    10    13    15    13   0.104380516045206
    10    13    15    15   0.037390578994917
    10    14    15    14   0.112171736984750
    10    15    15     1   0.008306173845390
    10    15    15     2   0.039977256988435
    10    15    15     3   0.076183344263982
    10    15    15    10   0.041686672784011
    10    15    15    13   0.037390578994917
    10    15    15    15   0.119962957924295
    11     4     1     5   0.001113410508509
    11     5     1     4   0.001113410508509
    11     7     1     5   0.000591297727674
    11     7     1     8   0.000587683886337
    11     8     1     4   0.000591297727674
    11     8     1     7   0.000587683886337
    11    10     1    11   0.002020877859445
    11    11     1     1   0.000451636225622
    11    11     1     2   0.001124633481709
    11    11     1     3   0.001809592927045
    11    11     1    10   0.002020877859445
    11    11     1    13   0.002020877859445
    11    11     1    15   0.000673625953148
    11    12     1    14   0.001166754376150
    11    13     1    11   0.002020877859445
    11    14     1    12   0.001166754376150
    11    15     1    11   0.000673625953148
    11     4     2     5   0.005673653490663
    11     5     2     4   0.005673653490663
    11     7     2     5   0.004662403010867
    11     7     2     8   0.006932471080158
    11     8     2     4   0.004662403010867
    11     8     2     7   0.006932471080158
    11    10     2    11   0.017504841465906
    11    11     2     1   0.001124633481709
    11    11     2     2   0.008287829688662
    11    11     2     3   0.014893275725059
    11    11     2    10   0.017504841465906
    11    11     2    13   0.017504841465906
    11    11     2    15   0.005834947155302
    11    12     2    14   0.010106424932463
    11    13     2    11   0.017504841465906
    11    14     2    12   0.010106424932463
    11    15     2    11   0.005834947155302
    11     4     3     5   0.009861175220344
    11     5     3     4   0.009861175220344
    11     7     3     5   0.008955522847291
    11     7     3     8   0.015479337763782
    11     8     3     4   0.008955522847291
    11     8     3     7   0.015479337763782
    11    10     3    11   0.032765409797166
    11    11     3     1   0.001809592927045
    11    11     3     2   0.014893275725059
    11    11     3     3   0.028346957125088
    11    11     3    10   0.032765409797166
    11    11     3    13   0.032765409797166
    11    11     3    15   0.010921803265722
    11    12     3    14   0.018917118166502
    11    13     3    11   0.032765409797166
    11    14     3    12   0.018917118166502
    11    15     3    11   0.010921803265722
    11     5     4     1   0.005287012366002
    11     5     4     2   0.012036033946665
    11     5     4     3   0.020937480189788
    11     8     4     1   0.001523099619130
    11     8     4     2   0.009926336674322
    11     8     4     3   0.025066455260416
    11    10     4     5   0.014052319929667
    11    10     4     8   0.014086445583928
    11    11     4     4   0.024339332082396
    11    11     4     7   0.024398439449417
    11    13     4     5   0.029897502629435
    11    13     4     8   0.030189503406967
    11    14     4     6   0.017261331191202
    11    14     4     9   0.017429917918713
    11    15     4     5   0.009965834209812
    11    15     4     8   0.010063167802322
    11     4     5     1   0.005287012366002
    11     4     5     2   0.012036033946665
    11     4     5     3   0.020937480189788
    11     7     5     1   0.001523099619130
    11     7     5     2   0.009926336674322
    11     7     5     3   0.025066455260416
    11    10     5     4   0.029897502629435
    11    10     5     7   0.030189503406967
    11    11     5     5   0.024339332082396
    11    11     5     8   0.024398439449417
    11    12     5     6   0.017261331191202
    11    12     5     9   0.017429917918713
    11    13     5     4   0.014052319929667
    11    13     5     7   0.014086445583928
    11    15     5     4   0.009965834209812
    11    15     5     7   0.010063167802322
    11    11     6     6   0.003539000445597
    11    11     6     9   0.003484260765352
    11    12     6     5   0.003539000445597
    11    12     6     8   0.003484260765352
    11    14     6     4   0.003539000445597
    11    14     6     7   0.003484260765352
    11     5     7     1   0.003953641105786
    11     5     7     2   0.011482682717498
    11     5     7     3   0.021070282159932
    11     8     7     1   0.001231255779745
    11     8     7     2   0.010605938969655
    11     8     7     3   0.030111869243820
    11    10     7     5   0.014086445583928
    11    10     7     8   0.016092351004814
    11    11     7     4   0.024398439449417
    11    11     7     7   0.027872769553571
    11    13     7     5   0.030189503406967
    11    13     7     8   0.033937334297282
    11    14     7     6   0.017429917918713
    11    14     7     9   0.019593729092114
    11    15     7     5   0.010063167802322
    11    15     7     8   0.011312444765761
    11     4     8     1   0.003953641105786
    11     4     8     2   0.011482682717498
    11     4     8     3   0.021070282159932
    11     7     8     1   0.001231255779745
    11     7     8     2   0.010605938969655
    11     7     8     3   0.030111869243820
    11    10     8     4   0.030189503406967
    11    10     8     7   0.033937334297282
    11    11     8     5   0.024398439449417
    11    11     8     8   0.027872769553571
    11    12     8     6   0.017429917918713
    11    12     8     9   0.019593729092114
    11    13     8     4   0.014086445583928
    11    13     8     7   0.016092351004814
    11    15     8     4   0.010063167802322
    11    15     8     7   0.011312444765761
    11    11     9     6   0.003484260765352
    11    11     9     9   0.004139520230728
    11    12     9     5   0.003484260765352
    11    12     9     8   0.004139520230728
    11    14     9     4   0.003484260765352
    11    14     9     7   0.004139520230728
    11     4    10     5   0.011467919708602
    11     5    10     4   0.011467919708602
    11     7    10     5   0.010272300794958
    11     7    10     8   0.016703233408114
    11     8    10     4   0.010272300794958
    11     8    10     7   0.016703233408114
    11    10    10    11   0.042706084869559
    11    11    10     1   0.002020877859445
    11    11    10     2   0.017504841465906
    11    11    10     3   0.032765409797166
    11    11    10    10   0.042706084869559
    11    11    10    13   0.035060494227950
    11    11    10    15   0.011686831409317
    11    12    10    14   0.020242185780428
    11    13    10    11   0.035060494227950
    11    14    10    12   0.020242185780428
    11    15    10    11   0.011686831409317
    11     1    11     1   0.415624315223793
    11     2    11     1  -0.041170253831839
    11     2    11     2   0.090553905621944
    11     3    11     1   0.071947463609517
    11     3    11     2   0.128629312930958
    11     3    11     3   0.303615964018318
    11     4    11     4   0.157071115952823
    11     5    11     5   0.157071115952823
    11     6    11     6   0.143829102891210
    11     7    11     4   0.128186165090432
    11     7    11     7   0.252679407675284
    11     8    11     5   0.128186165090432
    11     8    11     8   0.252679407675284
    11     9    11     6   0.116324733832100
    11     9    11     9   0.233392175066261
    11    10    11     1   0.024918521536169
    11    10    11     2   0.119931770965304
    11    10    11     3   0.228550032791947
    11    10    11    10   0.359888873772885
    11    10    11    13   0.125060018352034
    11    10    11    15   0.112171736984750
    11    11    11    11   0.375180055056103
    11    12    11    12   0.336515210954251
    11    13    11     1   0.024918521536169
    11    13    11     2   0.119931770965304
    11    13    11     3   0.228550032791947
    11    13    11    10   0.125060018352034
    11    13    11    13   0.359888873772885
    11    13    11    15   0.112171736984750
    11    14    11    14   0.336515210954251
    11    15    11     1   0.023571269629872
    11    15    11     2   0.108261876654700
    11    15    11     3   0.206706426260503
    11    15    11    10   0.112171736984750
    11    15    11    13   0.112171736984750
    11    15    11    15   0.313141548135618
    11     5    12     6   0.006621006530807
    11     6    12     5   0.006621006530807
    11     8    12     6   0.005930715629166
    11     8    12     9   0.009643616304512
    11     9    12     5   0.005930715629166
    11     9    12     8   0.009643616304512
    11    10    12    14   0.011161579075189
    11    11    12    12   0.019332422050926
    11    12    12    11   0.019332422050926
    11    13    12    14   0.020242185780428
    11    14    12     1   0.001166754376150
    11    14    12     2   0.010106424932463
    11    14    12     3   0.018917118166502
    11    14    12    10   0.011161579075189
    11    14    12    13   0.020242185780428
    11    14    12    15   0.020242185780428
    11    15    12    14   0.020242185780428
    11     4    13     5   0.011467919708602
    11     5    13     4   0.011467919708602
    11     7    13     5   0.010272300794958
    11     7    13     8   0.016703233408114
    11     8    13     4   0.010272300794958
    11     8    13     7   0.016703233408114
    11    10    13    11   0.035060494227950
    11    11    13     1   0.002020877859445
    11    11    13     2   0.017504841465906
    11    11    13     3   0.032765409797166
    11    11    13    10   0.035060494227950
    11    11    13    13   0.042706084869559
    11    11    13    15   0.011686831409317
    11    12    13    14   0.020242185780428
    11    13    13    11   0.042706084869559
    11    14    13    12   0.020242185780428
    11    15    13    11   0.011686831409317
    11     4    14     6   0.006621006530807
    11     6    14     4   0.006621006530807
    11     7    14     6   0.005930715629166
    11     7    14     9   0.009643616304512
    11     9    14     4   0.005930715629166
    11     9    14     7   0.009643616304512
    11    10    14    12   0.020242185780428
    11    11    14    14   0.019332422050926
    11    12    14     1   0.001166754376150
    11    12    14     2   0.010106424932463
    11    12    14     3   0.018917118166502
    11    12    14    10   0.020242185780428
    11    12    14    13   0.011161579075189
    11    12    14    15   0.020242185780428
    11    13    14    12   0.011161579075189
    11    14    14    11   0.019332422050926
    11    15    14    12   0.020242185780428
    11     4    15     5   0.003822639902867
    11     5    15     4   0.003822639902867
    11     7    15     5   0.003424100264986
    11     7    15     8   0.005567744469371
    11     8    15     4   0.003424100264986
    11     8    15     7   0.005567744469371
    11    10    15    11   0.011686831409317
    11    11    15     1   0.000673625953148
    11    11    15     2   0.005834947155302
    11    11    15     3   0.010921803265722
    11    11    15    10   0.011686831409317
    11    11    15    13   0.011686831409317
    11    11    15    15   0.006444140683642
    11    12    15    14   0.011161579075189
    11    13    15    11   0.011686831409317
    11    14    15    12   0.011161579075189
    11    15    15    11   0.006444140683642
    12     4     1     6   0.001113410508509
    12     6     1     4   0.001113410508509
    12     7     1     6   0.000591297727674
    12     7     1     9   0.000587683886337
    12     9     1     4   0.000591297727674
    12     9     1     7   0.000587683886337
    12    10     1    12   0.002020877859445
    12    11     1    14   0.001166754376150
    12    12     1     1   0.000451636225622
    12    12     1     2   0.001124633481709
    12    12     1     3   0.001809592927045
    12    12     1    10   0.002020877859445
    12    12     1    13   0.000673625953148
    12    12     1    15   0.002020877859445
    12    13     1    12   0.000673625953148
    12    14     1    11   0.001166754376150
    12    15     1    12   0.002020877859445
    12     4     2     6   0.005673653490663
    12     6     2     4   0.005673653490663
    12     7     2     6   0.004662403010867
    12     7     2     9   0.006932471080158
    12     9     2     4   0.004662403010867
    12     9     2     7   0.006932471080158
    12    10     2    12   0.017504841465906
    12    11     2    14   0.010106424932463
    12    12     2     1   0.001124633481709
    12    12     2     2   0.008287829688662
    12    12     2     3   0.014893275725059
    12    12     2    10   0.017504841465906
    12    12     2    13   0.005834947155302
    12    12     2    15   0.017504841465906
    12    13     2    12   0.005834947155302
    12    14     2    11   0.010106424932463
    12    15     2    12   0.017504841465906
    12     4     3     6   0.009861175220344
    12     6     3     4   0.009861175220344
    12     7     3     6   0.008955522847291
    12     7     3     9   0.015479337763782
    12     9     3     4   0.008955522847291
    12     9     3     7   0.015479337763782
    12    10     3    12   0.032765409797166
    12    11     3    14   0.018917118166502
    12    12     3     1   0.001809592927045
    12    12     3     2   0.014893275725059
    12    12     3     3   0.028346957125088
    12    12     3    10   0.032765409797166
    12    12     3    13   0.010921803265722
    12    12     3    15   0.032765409797166
    12    13     3    12   0.010921803265722
    12    14     3    11   0.018917118166502
    12    15     3    12   0.032765409797166
    12     6     4     1   0.005287012366002
    12     6     4     2   0.012036033946665
    12     6     4     3   0.020937480189788
    12     9     4     1   0.001523099619130
    12     9     4     2   0.009926336674322
    12     9     4     3   0.025066455260416
    12    10     4     6   0.014052319929667
    12    10     4     9   0.014086445583928
    12    12     4     4   0.024339332082396
    12    12     4     7   0.024398439449417
    12    13     4     6   0.009965834209812
    12    13     4     9   0.010063167802322
    12    14     4     5   0.017261331191202
    12    14     4     8   0.017429917918713
    12    15     4     6   0.029897502629435
    12    15     4     9   0.030189503406967
    12    11     5     6   0.003539000445597
    12    11     5     9   0.003484260765352
    12    12     5     5   0.003539000445597
    12    12     5     8   0.003484260765352
    12    14     5     4   0.003539000445597
    12    14     5     7   0.003484260765352
    12     4     6     1   0.005287012366002
    12     4     6     2   0.012036033946665
    12     4     6     3   0.020937480189788
    12     7     6     1   0.001523099619130
    12     7     6     2   0.009926336674322
    12     7     6     3   0.025066455260416
    12    10     6     4   0.029897502629435
    12    10     6     7   0.030189503406967
    12    11     6     5   0.017261331191202
    12    11     6     8   0.017429917918713
    12    12     6     6   0.024339332082396
    12    12     6     9   0.024398439449417
    12    13     6     4   0.009965834209812
    12    13     6     7   0.010063167802322
    12    15     6     4   0.014052319929667
    12    15     6     7   0.014086445583928
    12     6     7     1   0.003953641105786
    12     6     7     2   0.011482682717498
    12     6     7     3   0.021070282159932
    12     9     7     1   0.001231255779745
    12     9     7     2   0.010605938969655
    12     9     7     3   0.030111869243820
    12    10     7     6   0.014086445583928
    12    10     7     9   0.016092351004814
    12    12     7     4   0.024398439449417
    12    12     7     7   0.027872769553571
    12    13     7     6   0.010063167802322
    12    13     7     9   0.011312444765761
    12    14     7     5   0.017429917918713
    12    14     7     8   0.019593729092114
    12    15     7     6   0.030189503406967
    12    15     7     9   0.033937334297282
    12    11     8     6   0.003484260765352
    12    11     8     9   0.004139520230728
    12    12     8     5   0.003484260765352
    12    12     8     8   0.004139520230728
    12    14     8     4   0.003484260765352
    12    14     8     7   0.004139520230728
    12     4     9     1   0.003953641105786
    12     4     9     2   0.011482682717498
    12     4     9     3   0.021070282159932
    12     7     9     1   0.001231255779745
    12     7     9     2   0.010605938969655
    12     7     9     3   0.030111869243820
    12    10     9     4   0.030189503406967
    12    10     9     7   0.033937334297282
    12    11     9     5   0.017429917918713
    12    11     9     8   0.019593729092114
    12    12     9     6   0.024398439449417
    12    12     9     9   0.027872769553571
    12    13     9     4   0.010063167802322
    12    13     9     7   0.011312444765761
    12    15     9     4   0.014086445583928
    12    15     9     7   0.016092351004814
    12     4    10     6   0.011467919708602
    12     6    10     4   0.011467919708602
    12     7    10     6   0.010272300794958
    12     7    10     9   0.016703233408114
    12     9    10     4   0.010272300794958
    12     9    10     7   0.016703233408114
    12    10    10    12   0.042706084869559
    12    11    10    14   0.020242185780428
    12    12    10     1   0.002020877859445
    12    12    10     2   0.017504841465906
    12    12    10     3   0.032765409797166
    12    12    10    10   0.042706084869559
    12    12    10    13   0.011686831409317
    12    12    10    15   0.035060494227950
    12    13    10    12   0.011686831409317
    12    14    10    11   0.020242185780428
    12    15    10    12   0.035060494227950
    12     5    11     6   0.006621006530807
    12     6    11     5   0.006621006530807
    12     8    11     6   0.005930715629166
    12     8    11     9   0.009643616304512
    12     9    11     5   0.005930715629166
    12     9    11     8   0.009643616304512
    12    10    11    14   0.011161579075189
    12    11    11    12   0.019332422050926
    12    12    11    11   0.019332422050926
    12    13    11    14   0.020242185780428
    12    14    11     1   0.001166754376150
    12    14    11     2   0.010106424932463
    12    14    11     3   0.018917118166502
    12    14    11    10   0.011161579075189
    12    14    11    13   0.020242185780428
    12    14    11    15   0.020242185780428
    12    15    11    14   0.020242185780428
    12     1    12     1   0.415624315223793
    12     2    12     1  -0.041170253831839
    12     2    12     2   0.090553905621944
    12     3    12     1   0.071947463609517
    12     3    12     2   0.128629312930958
    12     3    12     3   0.303615964018318
    12     4    12     4   0.157071115952823
    12     5    12     5   0.143829102891210
    12     6    12     6   0.157071115952823
    12     7    12     4   0.128186165090432
    12     7    12     7   0.252679407675284
    12     8    12     5   0.116324733832100
    12     8    12     8   0.233392175066261
    12     9    12     6   0.128186165090432
    12     9    12     9   0.252679407675284
    12    10    12     1   0.024918521536169
    12    10    12     2   0.119931770965304
    12    10    12     3   0.228550032791947
    12    10    12    10   0.359888873772885
    12    10    12    13   0.112171736984750
    12    10    12    15   0.125060018352034
    12    11    12    11   0.336515210954251
    12    12    12    12   0.375180055056103
    12    13    12     1   0.023571269629872
    12    13    12     2   0.108261876654700
    12    13    12     3   0.206706426260503
    12    13    12    10   0.112171736984750
    12    13    12    13   0.313141548135618
    12    13    12    15   0.112171736984750
    12    14    12    14   0.336515210954251
    12    15    12     1   0.024918521536169
    12    15    12     2   0.119931770965304
    12    15    12     3   0.228550032791947
    12    15    12    10   0.125060018352034
    12    15    12    13   0.112171736984750
    12    15    12    15   0.359888873772885
    12     4    13     6   0.003822639902867
    12     6    13     4   0.003822639902867
    12     7    13     6   0.003424100264986
    12     7    13     9   0.005567744469371
    12     9    13     4   0.003424100264986
    12     9    13     7   0.005567744469371
    12    10    13    12   0.011686831409317
    12    11    13    14   0.011161579075189
    12    12    13     1   0.000673625953148
    12    12    13     2   0.005834947155302
    12    12    13     3   0.010921803265722
    12    12    13    10   0.011686831409317
    12    12    13    13   0.006444140683642
    12    12    13    15   0.011686831409317
    12    13    13    12   0.006444140683642
    12    14    13    11   0.011161579075189
    12    15    13    12   0.011686831409317
    12     4    14     5   0.006621006530807
    12     5    14     4   0.006621006530807
    12     7    14     5   0.005930715629166
    12     7    14     8   0.009643616304512
    12     8    14     4   0.005930715629166
    12     8    14     7   0.009643616304512
    12    10    14    11   0.020242185780428
    12    11    14     1   0.001166754376150
    12    11    14     2   0.010106424932463
    12    11    14     3   0.018917118166502
    12    11    14    10   0.020242185780428
    12    11    14    13   0.020242185780428
    12    11    14    15   0.011161579075189
    12    12    14    14   0.019332422050926
    12    13    14    11   0.020242185780428
    12    14    14    12   0.019332422050926
    12    15    14    11   0.011161579075189
    12     4    15     6   0.011467919708602
    12     6    15     4   0.011467919708602
    12     7    15     6   0.010272300794958
    12     7    15     9   0.016703233408114
    12     9    15     4   0.010272300794958
    12     9    15     7   0.016703233408114
    12    10    15    12   0.035060494227950
    12    11    15    14   0.020242185780428
    12    12    15     1   0.002020877859445
    12    12    15     2   0.017504841465906
    12    12    15     3   0.032765409797166
    12    12    15    10   0.035060494227950
    12    12    15    13   0.011686831409317
    12    12    15    15   0.042706084869559
    12    13    15    12   0.011686831409317
    12    14    15    11   0.020242185780428
    12    15    15    12   0.042706084869559
    13     1     1     1   0.057312649135691
    13     2     1     1  -0.006594423954648
    13     2     1     2   0.007837118423667
    13     3     1     1   0.008795771675224
    13     3     1     2   0.009443530878943
    13     3     1     3   0.021779212607255
    13     4     1     4   0.012377828901163
    13     5     1     5   0.013663484614776
    13     6     1     6   0.012377828901163
    13     7     1     4   0.008691741730157
    13     7     1     7   0.015423725795363
    13     8     1     5   0.009374513534645
    13     8     1     8   0.016102324695314
    13     9     1     6   0.008691741730157
    13     9     1     9   0.015423725795363
    13    10     1     1   0.002498714347261
    13    10     1     2   0.008354097831136
    13    10     1     3   0.015355050383319
    13    10     1    10   0.023571269629872
    13    10     1    13   0.008306173845390
    13    10     1    15   0.007857089876624
    13    11     1    11   0.024918521536169
    13    12     1    12   0.023571269629872
    13    13     1     1   0.002799805164343
    13    13     1     2   0.009103853485609
    13    13     1     3   0.016561445668016
    13    13     1    10   0.008306173845390
    13    13     1    13   0.026265773442466
    13    13     1    15   0.008306173845390
    13    14     1    14   0.024918521536169
    13    15     1     1   0.002498714347261
    13    15     1     2   0.008354097831136
    13    15     1     3   0.015355050383319
    13    15     1    10   0.007857089876624
    13    15     1    13   0.008306173845390
    13    15     1    15   0.023571269629872
    13     1     2     1   0.146828490447593
    13     2     2     1  -0.014534180267453
    13     2     2     2   0.031076419460689
    13     3     2     1   0.025405545515009
    13     3     2     2   0.043482460309648
    13     3     2     3   0.101221932145209
    13     4     2     4   0.050160005621501
    13     5     2     5   0.056711376361747
    13     6     2     6   0.050160005621501
    13     7     2     4   0.039771021055366
    13     7     2     7   0.077695488999461
    13     8     2     5   0.045154700322155
    13     8     2     8   0.085700417088018
    13     9     2     6   0.039771021055366
    13     9     2     9   0.077695488999461
    13    10     2     1   0.008354097831136
    13    10     2     2   0.037408320892089
    13    10     2     3   0.070743020940214
    13    10     2    10   0.108261876654700
    13    10     2    13   0.039977256988435
    13    10     2    15   0.036087292218233
    13    11     2    11   0.119931770965304
    13    12     2    12   0.108261876654700
    13    13     2     1   0.009103853485609
    13    13     2     2   0.042933540684530
    13    13     2     3   0.080671871423586
    13    13     2    10   0.039977256988435
    13    13     2    13   0.131601665275908
    13    13     2    15   0.039977256988435
    13    14     2    14   0.119931770965304
    13    15     2     1   0.008354097831136
    13    15     2     2   0.037408320892089
    13    15     2     3   0.070743020940214
    13    15     2    10   0.036087292218233
    13    15     2    13   0.039977256988435
    13    15     2    15   0.108261876654700
    13     1     3     1   0.270300217918423
    13     2     3     1  -0.026948700367978
    13     2     3     2   0.057920247863179
    13     3     3     1   0.046584127766420
    13     3     3     2   0.082214741096557
    13     3     3     3   0.195591327109504
    13     4     3     4   0.093875293705882
    13     5     3     5   0.105261998041866
    13     6     3     6   0.093875293705882
    13     7     3     4   0.076259954461609
    13     7     3     7   0.154078505971122
    13     8     3     5   0.086600901514844
    13     8     3     8   0.171952505620716
    13     9     3     6   0.076259954461609
    13     9     3     9   0.154078505971122
    13    10     3     1   0.015355050383319
    13    10     3     2   0.070743020940214
    13    10     3     3   0.135435461819866
    13    10     3    10   0.206706426260503
    13    10     3    13   0.076183344263982
    13    10     3    15   0.068902142086834
    13    11     3    11   0.228550032791947
    13    12     3    12   0.206706426260503
    13    13     3     1   0.016561445668016
    13    13     3     2   0.080671871423586
    13    13     3     3   0.154333433236592
    13    13     3    10   0.076183344263982
    13    13     3    13   0.250393639323391
    13    13     3    15   0.076183344263982
    13    14     3    14   0.228550032791947
    13    15     3     1   0.015355050383319
    13    15     3     2   0.070743020940214
    13    15     3     3   0.135435461819866
    13    15     3    10   0.068902142086834
    13    15     3    13   0.076183344263982
    13    15     3    15   0.206706426260503
    13     4     4     1   0.003052458012720
    13     4     4     2   0.006949007439082
    13     4     4     3   0.012088259823726
    13     7     4     1   0.000879361975107
    13     7     4     2   0.005730973150987
    13     7     4     3   0.014472124692231
    13    10     4     4   0.017261331191202
    13    10     4     7   0.017429917918713
    13    11     4     5   0.014052319929667
    13    11     4     8   0.014086445583928
    13    12     4     6   0.009965834209812
    13    12     4     9   0.010063167802322
    13    13     4     4   0.008113110694132
    13    13     4     7   0.008132813149806
    13    15     4     4   0.005753777063734
    13    15     4     7   0.005809972639571
    13     5     5     1   0.009157374038161
    13     5     5     2   0.020847022317247
    13     5     5     3   0.036264779471179
    13     8     5     1   0.002638085925322
    13     8     5     2   0.017192919452961
    13     8     5     3   0.043416374076692
    13    10     5     5   0.017261331191202
    13    10     5     8   0.017429917918713
    13    11     5     4   0.029897502629435
    13    11     5     7   0.030189503406967
    13    13     5     5   0.058861994464800
    13    13     5     8   0.059258275286844
    13    14     5     6   0.029897502629435
    13    14     5     9   0.030189503406967
    13    15     5     5   0.017261331191202
    13    15     5     8   0.017429917918713
    13     6     6     1   0.003052458012720
    13     6     6     2   0.006949007439082
    13     6     6     3   0.012088259823726
    13     9     6     1   0.000879361975107
    13     9     6     2   0.005730973150987
    13     9     6     3   0.014472124692231
    13    10     6     6   0.005753777063734
    13    10     6     9   0.005809972639571
    13    12     6     4   0.009965834209812
    13    12     6     7   0.010063167802322
    13    13     6     6   0.008113110694132
    13    13     6     9   0.008132813149806
    13    14     6     5   0.014052319929667
    13    14     6     8   0.014086445583928
    13    15     6     6   0.017261331191202
    13    15     6     9   0.017429917918713
    13     4     7     1   0.002282635756705
    13     4     7     2   0.006629529957967
    13     4     7     3   0.012164933076938
    13     7     7     1   0.000710865855877
    13     7     7     2   0.006123341719139
    13     7     7     3   0.017385095813722
    13    10     7     4   0.017429917918713
    13    10     7     7   0.019593729092114
    13    11     7     5   0.014086445583928
    13    11     7     8   0.016092351004814
    13    12     7     6   0.010063167802322
    13    12     7     9   0.011312444765761
    13    13     7     4   0.008132813149806
    13    13     7     7   0.009290923184524
    13    15     7     4   0.005809972639571
    13    15     7     7   0.006531243030705
    13     5     8     1   0.006847907270115
    13     5     8     2   0.019888589873900
    13     5     8     3   0.036494799230814
    13     8     8     1   0.002132597567632
    13     8     8     2   0.018370025157417
    13     8     8     3   0.052155287441167
    13    10     8     5   0.017429917918713
    13    10     8     8   0.019593729092114
    13    11     8     4   0.030189503406967
    13    11     8     7   0.033937334297282
    13    13     8     5   0.059258275286844
    13    13     8     8   0.067060227737799
    13    14     8     6   0.030189503406967
    13    14     8     9   0.033937334297282
    13    15     8     5   0.017429917918713
    13    15     8     8   0.019593729092114
    13     6     9     1   0.002282635756705
    13     6     9     2   0.006629529957967
    13     6     9     3   0.012164933076938
    13     9     9     1   0.000710865855877
    13     9     9     2   0.006123341719139
    13     9     9     3   0.017385095813722
    13    10     9     6   0.005809972639571
    13    10     9     9   0.006531243030705
    13    12     9     4   0.010063167802322
    13    12     9     7   0.011312444765761
    13    13     9     6   0.008132813149806
    13    13     9     9   0.009290923184524
    13    14     9     5   0.014086445583928
    13    14     9     8   0.016092351004814
    13    15     9     6   0.017429917918713
    13    15     9     9   0.019593729092114
    13     1    10     1   0.138541438407931
    13     2    10     1  -0.013723417943946
    13     2    10     2   0.030184635207315
    13     3    10     1   0.023982487869839
    13     3    10     2   0.042876437643653
    13     3    10     3   0.101205321339439
    13     4    10     4   0.052357038650941
    13     5    10     5   0.052357038650941
    13     6    10     6   0.047943034297070
    13     7    10     4   0.042728721696811
    13     7    10     7   0.084226469225095
    13     8    10     5   0.042728721696811
    13     8    10     8   0.084226469225095
    13     9    10     6   0.038774911277367
    13     9    10     9   0.077797391688754
    13    10    10     1   0.008306173845390
    13    10    10     2   0.039977256988435
    13    10    10     3   0.076183344263982
    13    10    10    10   0.119962957924295
    13    10    10    13   0.041686672784011
    13    10    10    15   0.037390578994917
    13    11    10    11   0.125060018352034
    13    12    10    12   0.112171736984750
    13    13    10     1   0.008306173845390
    13    13    10     2   0.039977256988435
    13    13    10     3   0.076183344263982
    13    13    10    10   0.041686672784011
    13    13    10    13   0.119962957924295
    13    13    10    15   0.037390578994917
    13    14    10    14   0.112171736984750
    13    15    10     1   0.007857089876624
    13    15    10     2   0.036087292218233
    13    15    10     3   0.068902142086834
    13    15    10    10   0.037390578994917
    13    15    10    13   0.037390578994917
    13    15    10    15   0.104380516045206
    13     4    11     5   0.011467919708602
    13     5    11     4   0.011467919708602
    13     7    11     5   0.010272300794958
    13     7    11     8   0.016703233408114
    13     8    11     4   0.010272300794958
    13     8    11     7   0.016703233408114
    13    10    11    11   0.035060494227950
    13    11    11     1   0.002020877859445
    13    11    11     2   0.017504841465906
    13    11    11     3   0.032765409797166
    13    11    11    10   0.035060494227950
    13    11    11    13   0.042706084869559
    13    11    11    15   0.011686831409317
    13    12    11    14   0.020242185780428
    13    13    11    11   0.042706084869559
    13    14    11    12   0.020242185780428
    13    15    11    11   0.011686831409317
    13     4    12     6   0.003822639902867
    13     6    12     4   0.003822639902867
    13     7    12     6   0.003424100264986
    13     7    12     9   0.005567744469371
    13     9    12     4   0.003424100264986
    13     9    12     7   0.005567744469371
    13    10    12    12   0.011686831409317
    13    11    12    14   0.011161579075189
    13    12    12     1   0.000673625953148
    13    12    12     2   0.005834947155302
    13    12    12     3   0.010921803265722
    13    12    12    10   0.011686831409317
    13    12    12    13   0.006444140683642
    13    12    12    15   0.011686831409317
    13    13    12    12   0.006444140683642
    13    14    12    11   0.011161579075189
    13    15    12    12   0.011686831409317
    13     1    13     1   0.415624315223793
    13     2    13     1  -0.041170253831839
    13     2    13     2   0.090553905621944
    13     3    13     1   0.071947463609517
    13     3    13     2   0.128629312930958
    13     3    13     3   0.303615964018318
    13     4    13     4   0.143829102891210
    13     5    13     5   0.170313129014436
    13     6    13     6   0.143829102891210
    13     7    13     4   0.116324733832100
    13     7    13     7   0.233392175066260
    13     8    13     5   0.140047596348764
    13     8    13     8   0.271966640284308
    13     9    13     6   0.116324733832100
    13     9    13     9   0.233392175066260
    13    10    13     1   0.023571269629872
    13    10    13     2   0.108261876654700
    13    10    13     3   0.206706426260503
    13    10    13    10   0.313141548135618
    13    10    13    13   0.119962957924295
    13    10    13    15   0.104380516045206
    13    11    13    11   0.359888873772885
    13    12    13    12   0.313141548135618
    13    13    13     1   0.026265773442466
    13    13    13     2   0.131601665275908
    13    13    13     3   0.250393639323391
    13    13    13    10   0.119962957924295
    13    13    13    13   0.416830320265630
    13    13    13    15   0.119962957924295
    13    14    13    14   0.359888873772885
    13    15    13     1   0.023571269629872
    13    15    13     2   0.108261876654700
    13    15    13     3   0.206706426260503
    13    15    13    10   0.104380516045206
    13    15    13    13   0.119962957924295
    13    15    13    15   0.313141548135618
    13     5    14     6   0.011467919708602
    13     6    14     5   0.011467919708602
    13     8    14     6   0.010272300794958
    13     8    14     9   0.016703233408114
    13     9    14     5   0.010272300794958
    13     9    14     8   0.016703233408114
    13    10    14    14   0.011686831409317
    13    11    14    12   0.020242185780428
    13    12    14    11   0.020242185780428
    13    13    14    14   0.042706084869559
    13    14    14     1   0.002020877859445
    13    14    14     2   0.017504841465906
    13    14    14     3   0.032765409797166
    13    14    14    10   0.011686831409317
    13    14    14    13   0.042706084869559
    13    14    14    15   0.035060494227950
    13    15    14    14   0.035060494227950
    13     1    15     1   0.138541438407931
    13     2    15     1  -0.013723417943946
    13     2    15     2   0.030184635207315
    13     3    15     1   0.023982487869839
    13     3    15     2   0.042876437643653
    13     3    15     3   0.101205321339439
    13     4    15     4   0.047943034297070
    13     5    15     5   0.052357038650941
    13     6    15     6   0.052357038650941
    13     7    15     4   0.038774911277367
    13     7    15     7   0.077797391688754
    13     8    15     5   0.042728721696811
    13     8    15     8   0.084226469225095
    13     9    15     6   0.042728721696811
    13     9    15     9   0.084226469225095
    13    10    15     1   0.007857089876624
    13    10    15     2   0.036087292218233
    13    10    15     3   0.068902142086834
    13    10    15    10   0.104380516045206
    13    10    15    13   0.037390578994917
    13    10    15    15   0.037390578994917
    13    11    15    11   0.112171736984750
    13    12    15    12   0.112171736984750
    13    13    15     1   0.008306173845390
    13    13    15     2   0.039977256988435
    13    13    15     3   0.076183344263982
    13    13    15    10   0.037390578994917
    13    13    15    13   0.119962957924295
    13    13    15    15   0.041686672784011
    13    14    15    14   0.125060018352034
    13    15    15     1   0.008306173845390
    13    15    15     2   0.039977256988435
    13    15    15     3   0.076183344263982
    13    15    15    10   0.037390578994917
    13    15    15    13   0.041686672784011
    13    15    15    15   0.119962957924295
    14     5     1     6   0.001113410508509
    14     6     1     5   0.001113410508509
    14     8     1     6   0.000591297727674
    14     8     1     9   0.000587683886337
    14     9     1     5   0.000591297727674
    14     9     1     8   0.000587683886337
    14    10     1    14   0.000673625953148
    14    11     1    12   0.001166754376150
    14    12     1    11   0.001166754376150
    14    13     1    14   0.002020877859445
    14    14     1     1   0.000451636225622
    14    14     1     2   0.001124633481709
    14    14     1     3   0.001809592927045
    14    14     1    10   0.000673625953148
    14    14     1    13   0.002020877859445
    14    14     1    15   0.002020877859445
    14    15     1    14   0.002020877859445
    14     5     2     6   0.005673653490663
    14     6     2     5   0.005673653490663
    14     8     2     6   0.004662403010867
    14     8     2     9   0.006932471080158
    14     9     2     5   0.004662403010867
    14     9     2     8   0.006932471080158
    14    10     2    14   0.005834947155302
    14    11     2    12   0.010106424932463
    14    12     2    11   0.010106424932463
    14    13     2    14   0.017504841465906
    14    14     2     1   0.001124633481709
    14    14     2     2   0.008287829688662
    14    14     2     3   0.014893275725059
    14    14     2    10   0.005834947155302
    14    14     2    13   0.017504841465906
    14    14     2    15   0.017504841465906
    14    15     2    14   0.017504841465906
    14     5     3     6   0.009861175220344
    14     6     3     5   0.009861175220344
    14     8     3     6   0.008955522847291
    14     8     3     9   0.015479337763782
    14     9     3     5   0.008955522847291
    14     9     3     8   0.015479337763782
    14    10     3    14   0.010921803265722
    14    11     3    12   0.018917118166502
    14    12     3    11   0.018917118166502
    14    13     3    14   0.032765409797166
    14    14     3     1   0.001809592927045
    14    14     3     2   0.014893275725059
    14    14     3     3   0.028346957125088
    14    14     3    10   0.010921803265722
    14    14     3    13   0.032765409797166
    14    14     3    15   0.032765409797166
    14    15     3    14   0.032765409797166
    14    11     4     6   0.003539000445597
    14    11     4     9   0.003484260765352
    14    12     4     5   0.003539000445597
    14    12     4     8   0.003484260765352
    14    14     4     4   0.003539000445597
    14    14     4     7   0.003484260765352
    14     6     5     1   0.005287012366002
    14     6     5     2   0.012036033946665
    14     6     5     3   0.020937480189788
    14     9     5     1   0.001523099619130
    14     9     5     2   0.009926336674322
    14     9     5     3   0.025066455260416
    14    10     5     6   0.009965834209812
    14    10     5     9   0.010063167802322
    14    12     5     4   0.017261331191202
    14    12     5     7   0.017429917918713
    14    13     5     6   0.014052319929667
    14    13     5     9   0.014086445583928
    14    14     5     5   0.024339332082396
    14    14     5     8   0.024398439449417
    14    15     5     6   0.029897502629435
    14    15     5     9   0.030189503406967
    14     5     6     1   0.005287012366002
    14     5     6     2   0.012036033946665
    14     5     6     3   0.020937480189788
    14     8     6     1   0.001523099619130
    14     8     6     2   0.009926336674322
    14     8     6     3   0.025066455260416
    14    10     6     5   0.009965834209812
    14    10     6     8   0.010063167802322
    14    11     6     4   0.017261331191202
    14    11     6     7   0.017429917918713
    14    13     6     5   0.029897502629435
    14    13     6     8   0.030189503406967
    14    14     6     6   0.024339332082396
    14    14     6     9   0.024398439449417
    14    15     6     5   0.014052319929667
    14    15     6     8   0.014086445583928
    14    11     7     6   0.003484260765352
    14    11     7     9   0.004139520230728
    14    12     7     5   0.003484260765352
    14    12     7     8   0.004139520230728
    14    14     7     4   0.003484260765352
    14    14     7     7   0.004139520230728
    14     6     8     1   0.003953641105786
    14     6     8     2   0.011482682717498
    14     6     8     3   0.021070282159932
    14     9     8     1   0.001231255779745
    14     9     8     2   0.010605938969655
    14     9     8     3   0.030111869243820
    14    10     8     6   0.010063167802322
    14    10     8     9   0.011312444765761
    14    12     8     4   0.017429917918713
    14    12     8     7   0.019593729092114
    14    13     8     6   0.014086445583928
    14    13     8     9   0.016092351004814
    14    14     8     5   0.024398439449417
    14    14     8     8   0.027872769553571
    14    15     8     6   0.030189503406967
    14    15     8     9   0.033937334297282
    14     5     9     1   0.003953641105786
    14     5     9     2   0.011482682717498
    14     5     9     3   0.021070282159932
    14     8     9     1   0.001231255779745
    14     8     9     2   0.010605938969655
    14     8     9     3   0.030111869243820
    14    10     9     5   0.010063167802322
    14    10     9     8   0.011312444765761
    14    11     9     4   0.017429917918713
    14    11     9     7   0.019593729092114
    14    13     9     5   0.030189503406967
    14    13     9     8   0.033937334297282
    14    14     9     6   0.024398439449417
    14    14     9     9   0.027872769553571
    14    15     9     5   0.014086445583928
    14    15     9     8   0.016092351004814
    14     5    10     6   0.003822639902867
    14     6    10     5   0.003822639902867
    14     8    10     6   0.003424100264986
    14     8    10     9   0.005567744469371
    14     9    10     5   0.003424100264986
    14     9    10     8   0.005567744469371
    14    10    10    14   0.006444140683642
    14    11    10    12   0.011161579075189
    14    12    10    11   0.011161579075189
    14    13    10    14   0.011686831409317
    14    14    10     1   0.000673625953148
    14    14    10     2   0.005834947155302
    14    14    10     3   0.010921803265722
    14    14    10    10   0.006444140683642
    14    14    10    13   0.011686831409317
    14    14    10    15   0.011686831409317
    14    15    10    14   0.011686831409317
    14     4    11     6   0.006621006530807
    14     6    11     4   0.006621006530807
    14     7    11     6   0.005930715629166
    14     7    11     9   0.009643616304512
    14     9    11     4   0.005930715629166
    14     9    11     7   0.009643616304512
    14    10    11    12   0.020242185780428
    14    11    11    14   0.019332422050926
    14    12    11     1   0.001166754376150
    14    12    11     2   0.010106424932463
    14    12    11     3   0.018917118166502
    14    12    11    10   0.020242185780428
    14    12    11    13   0.011161579075189
    14    12    11    15   0.020242185780428
    14    13    11    12   0.011161579075189
    14    14    11    11   0.019332422050926
    14    15    11    12   0.020242185780428
    14     4    12     5   0.006621006530807
    14     5    12     4   0.006621006530807
    14     7    12     5   0.005930715629166
    14     7    12     8   0.009643616304512
    14     8    12     4   0.005930715629166
    14     8    12     7   0.009643616304512
    14    10    12    11   0.020242185780428
    14    11    12     1   0.001166754376150
    14    11    12     2   0.010106424932463
    14    11    12     3   0.018917118166502
    14    11    12    10   0.020242185780428
    14    11    12    13   0.020242185780428
    14    11    12    15   0.011161579075189
    14    12    12    14   0.019332422050926
    14    13    12    11   0.020242185780428
    14    14    12    12   0.019332422050926
    14    15    12    11   0.011161579075189
    14     5    13     6   0.011467919708602
    14     6    13     5   0.011467919708602
    14     8    13     6   0.010272300794958
    14     8    13     9   0.016703233408114
    14     9    13     5   0.010272300794958
    14     9    13     8   0.016703233408114
    14    10    13    14   0.011686831409317
    14    11    13    12   0.020242185780428
    14    12    13    11   0.020242185780428
    14    13    13    14   0.042706084869559
    14    14    13     1   0.002020877859445
    14    14    13     2   0.017504841465906
    14    14    13     3   0.032765409797166
    14    14    13    10   0.011686831409317
    14    14    13    13   0.042706084869559
    14    14    13    15   0.035060494227950
    14    15    13    14   0.035060494227950
    14     1    14     1   0.415624315223793
    14     2    14     1  -0.041170253831839
    14     2    14     2   0.090553905621944
    14     3    14     1   0.071947463609517
    14     3    14     2   0.128629312930958
    14     3    14     3   0.303615964018318
    14     4    14     4   0.143829102891210
    14     5    14     5   0.157071115952823
    14     6    14     6   0.157071115952823
    14     7    14     4   0.116324733832100
    14     7    14     7   0.233392175066261
    14     8    14     5   0.128186165090432
    14     8    14     8   0.252679407675284
    14     9    14     6   0.128186165090432
    14     9    14     9   0.252679407675284
    14    10    14     1   0.023571269629872
    14    10    14     2   0.108261876654700
    14    10    14     3   0.206706426260503
    14    10    14    10   0.313141548135618
    14    10    14    13   0.112171736984750
    14    10    14    15   0.112171736984750
    14    11    14    11   0.336515210954251
    14    12    14    12   0.336515210954251
    14    13    14     1   0.024918521536169
    14    13    14     2   0.119931770965304
    14    13    14     3   0.228550032791947
    14    13    14    10   0.112171736984750
    14    13    14    13   0.359888873772885
    14    13    14    15   0.125060018352034
    14    14    14    14   0.375180055056103
    14    15    14     1   0.024918521536169
    14    15    14     2   0.119931770965304
    14    15    14     3   0.228550032791947
    14    15    14    10   0.112171736984750
    14    15    14    13   0.125060018352034
    14    15    14    15   0.359888873772885
    14     5    15     6   0.011467919708602
    14     6    15     5   0.011467919708602
    14     8    15     6   0.010272300794958
    14     8    15     9   0.016703233408114
    14     9    15     5   0.010272300794958
    14     9    15     8   0.016703233408114
    14    10    15    14   0.011686831409317
    14    11    15    12   0.020242185780428
    14    12    15    11   0.020242185780428
    14    13    15    14   0.035060494227950
    14    14    15     1   0.002020877859445
    14    14    15     2   0.017504841465906
    14    14    15     3   0.032765409797166
    14    14    15    10   0.011686831409317
    14    14    15    13   0.035060494227950
    14    14    15    15   0.042706084869559
    14    15    15    14   0.042706084869559
    15     1     1     1   0.057312649135691
    15     2     1     1  -0.006594423954648
    15     2     1     2   0.007837118423667
    15     3     1     1   0.008795771675224
    15     3     1     2   0.009443530878943
    15     3     1     3   0.021779212607255
    15     4     1     4   0.012377828901163
    15     5     1     5   0.012377828901163
    15     6     1     6   0.013663484614776
    15     7     1     4   0.008691741730157
    15     7     1     7   0.015423725795363
    15     8     1     5   0.008691741730157
    15     8     1     8   0.015423725795363
    15     9     1     6   0.009374513534645
    15     9     1     9   0.016102324695314
    15    10     1     1   0.002498714347261
    15    10     1     2   0.008354097831136
    15    10     1     3   0.015355050383319
    15    10     1    10   0.023571269629872
    15    10     1    13   0.007857089876624
    15    10     1    15   0.008306173845390
    15    11     1    11   0.023571269629872
    15    12     1    12   0.024918521536169
    15    13     1     1   0.002498714347261
    15    13     1     2   0.008354097831136
    15    13     1     3   0.015355050383319
    15    13     1    10   0.007857089876624
    15    13     1    13   0.023571269629872
    15    13     1    15   0.008306173845390
    15    14     1    14   0.024918521536169
    15    15     1     1   0.002799805164343
    15    15     1     2   0.009103853485609
    15    15     1     3   0.016561445668016
    15    15     1    10   0.008306173845390
    15    15     1    13   0.008306173845390
    15    15     1    15   0.026265773442466
    15     1     2     1   0.146828490447593
    15     2     2     1  -0.014534180267453
    15     2     2     2   0.031076419460689
    15     3     2     1   0.025405545515009
    15     3     2     2   0.043482460309648
    15     3     2     3   0.101221932145209
    15     4     2     4   0.050160005621501
    15     5     2     5   0.050160005621501
    15     6     2     6   0.056711376361747
    15     7     2     4   0.039771021055366
    15     7     2     7   0.077695488999461
    15     8     2     5   0.039771021055366
    15     8     2     8   0.077695488999461
    15     9     2     6   0.045154700322155
    15     9     2     9   0.085700417088018
    15    10     2     1   0.008354097831136
    15    10     2     2   0.037408320892089
    15    10     2     3   0.070743020940214
    15    10     2    10   0.108261876654700
    15    10     2    13   0.036087292218233
    15    10     2    15   0.039977256988435
    15    11     2    11   0.108261876654700
    15    12     2    12   0.119931770965304
    15    13     2     1   0.008354097831136
    15    13     2     2   0.037408320892089
    15    13     2     3   0.070743020940214
    15    13     2    10   0.036087292218233
    15    13     2    13   0.108261876654700
    15    13     2    15   0.039977256988435
    15    14     2    14   0.119931770965304
    15    15     2     1   0.009103853485609
    15    15     2     2   0.042933540684530
    15    15     2     3   0.080671871423586
    15    15     2    10   0.039977256988435
    15    15     2    13   0.039977256988435
    15    15     2    15   0.131601665275908
    15     1     3     1   0.270300217918423
    15     2     3     1  -0.026948700367978
    15     2     3     2   0.057920247863179
    15     3     3     1   0.046584127766420
    15     3     3     2   0.082214741096557
    15     3     3     3   0.195591327109504
    15     4     3     4   0.093875293705882
    15     5     3     5   0.093875293705882
    15     6     3     6   0.105261998041866
    15     7     3     4   0.076259954461609
    15     7     3     7   0.154078505971122
    15     8     3     5   0.076259954461609
    15     8     3     8   0.154078505971122
    15     9     3     6   0.086600901514844
    15     9     3     9   0.171952505620716
    15    10     3     1   0.015355050383319
    15    10     3     2   0.070743020940214
    15    10     3     3   0.135435461819866
    15    10     3    10   0.206706426260503
    15    10     3    13   0.068902142086834
    15    10     3    15   0.076183344263982
    15    11     3    11   0.206706426260503
    15    12     3    12   0.228550032791947
    15    13     3     1   0.015355050383319
    15    13     3     2   0.070743020940214
    15    13     3     3   0.135435461819866
    15    13     3    10   0.068902142086834
    15    13     3    13   0.206706426260503
    15    13     3    15   0.076183344263982
    15    14     3    14   0.228550032791947
    15    15     3     1   0.016561445668016
    15    15     3     2   0.080671871423586
    15    15     3     3   0.154333433236592
    15    15     3    10   0.076183344263982
    15    15     3    13   0.076183344263982
    15    15     3    15   0.250393639323391
    15     4     4     1   0.003052458012720
    15     4     4     2   0.006949007439082
    15     4     4     3   0.012088259823726
    15     7     4     1   0.000879361975107
    15     7     4     2   0.005730973150987
    15     7     4     3   0.014472124692231
    15    10     4     4   0.017261331191202
    15    10     4     7   0.017429917918713
    15    11     4     5   0.009965834209812
    15    11     4     8   0.010063167802322
    15    12     4     6   0.014052319929667
    15    12     4     9   0.014086445583928
    15    13     4     4   0.005753777063734
    15    13     4     7   0.005809972639571
    15    15     4     4   0.008113110694132
    15    15     4     7   0.008132813149806
    15     5     5     1   0.003052458012720
    15     5     5     2   0.006949007439082
    15     5     5     3   0.012088259823726
    15     8     5     1   0.000879361975107
    15     8     5     2   0.005730973150987
    15     8     5     3   0.014472124692231
    15    10     5     5   0.005753777063734
    15    10     5     8   0.005809972639571
    15    11     5     4   0.009965834209812
    15    11     5     7   0.010063167802322
    15    13     5     5   0.017261331191202
    15    13     5     8   0.017429917918713
    15    14     5     6   0.014052319929667
    15    14     5     9   0.014086445583928
    15    15     5     5   0.008113110694132
    15    15     5     8   0.008132813149806
    15     6     6     1   0.009157374038161
    15     6     6     2   0.020847022317247
    15     6     6     3   0.036264779471179
    15     9     6     1   0.002638085925322
    15     9     6     2   0.017192919452961
    15     9     6     3   0.043416374076692
    15    10     6     6   0.017261331191202
    15    10     6     9   0.017429917918713
    15    12     6     4   0.029897502629435
    15    12     6     7   0.030189503406967
    15    13     6     6   0.017261331191202
    15    13     6     9   0.017429917918713
    15    14     6     5   0.029897502629435
    15    14     6     8   0.030189503406967
    15    15     6     6   0.058861994464800
    15    15     6     9   0.059258275286844
    15     4     7     1   0.002282635756705
    15     4     7     2   0.006629529957967
    15     4     7     3   0.012164933076938
    15     7     7     1   0.000710865855877
    15     7     7     2   0.006123341719139
    15     7     7     3   0.017385095813722
    15    10     7     4   0.017429917918713
    15    10     7     7   0.019593729092114
    15    11     7     5   0.010063167802322
    15    11     7     8   0.011312444765761
    15    12     7     6   0.014086445583928
    15    12     7     9   0.016092351004814
    15    13     7     4   0.005809972639571
    15    13     7     7   0.006531243030705
    15    15     7     4   0.008132813149806
    15    15     7     7   0.009290923184524
    15     5     8     1   0.002282635756705
    15     5     8     2   0.006629529957967
    15     5     8     3   0.012164933076938
    15     8     8     1   0.000710865855877
    15     8     8     2   0.006123341719139
    15     8     8     3   0.017385095813722
    15    10     8     5   0.005809972639571
    15    10     8     8   0.006531243030705
    15    11     8     4   0.010063167802322
    15    11     8     7   0.011312444765761
    15    13     8     5   0.017429917918713
    15    13     8     8   0.019593729092114
    15    14     8     6   0.014086445583928
    15    14     8     9   0.016092351004814
    15    15     8     5   0.008132813149806
    15    15     8     8   0.009290923184524
    15     6     9     1   0.006847907270115
    15     6     9     2   0.019888589873900
    15     6     9     3   0.036494799230814
    15     9     9     1   0.002132597567632
    15     9     9     2   0.018370025157417
    15     9     9     3   0.052155287441167
    15    10     9     6   0.017429917918713
    15    10     9     9   0.019593729092114
    15    12     9     4   0.030189503406967
    15    12     9     7   0.033937334297282
    15    13     9     6   0.017429917918713
    15    13     9     9   0.019593729092114
    15    14     9     5   0.030189503406967
    15    14     9     8   0.033937334297282
    15    15     9     6   0.059258275286844
    15    15     9     9   0.067060227737799
    15     1    10     1   0.138541438407931
    15     2    10     1  -0.013723417943946
    15     2    10     2   0.030184635207315
    15     3    10     1   0.023982487869839
    15     3    10     2   0.042876437643653
    15     3    10     3   0.101205321339439
    15     4    10     4   0.052357038650941
    15     5    10     5   0.047943034297070
    15     6    10     6   0.052357038650941
    15     7    10     4   0.042728721696811
    15     7    10     7   0.084226469225095
    15     8    10     5   0.038774911277367
    15     8    10     8   0.077797391688754
    15     9    10     6   0.042728721696811
    15     9    10     9   0.084226469225095
    15    10    10     1   0.008306173845390
    15    10    10     2   0.039977256988435
    15    10    10     3   0.076183344263982
    15    10    10    10   0.119962957924295
    15    10    10    13   0.037390578994917
    15    10    10    15   0.041686672784011
    15    11    10    11   0.112171736984750
    15    12    10    12   0.125060018352034
    15    13    10     1   0.007857089876624
    15    13    10     2   0.036087292218233
    15    13    10     3   0.068902142086834
    15    13    10    10   0.037390578994917
    15    13    10    13   0.104380516045206
    15    13    10    15   0.037390578994917
    15    14    10    14   0.112171736984750
    15    15    10     1   0.008306173845390
    15    15    10     2   0.039977256988435
    15    15    10     3   0.076183344263982
    15    15    10    10   0.041686672784011
    15    15    10    13   0.037390578994917
    15    15    10    15   0.119962957924295
    15     4    11     5   0.003822639902867
    15     5    11     4   0.003822639902867
    15     7    11     5   0.003424100264986
    15     7    11     8   0.005567744469371
    15     8    11     4   0.003424100264986
    15     8    11     7   0.005567744469371
    15    10    11    11   0.011686831409317
    15    11    11     1   0.000673625953148
    15    11    11     2   0.005834947155302
    15    11    11     3   0.010921803265722
    15    11    11    10   0.011686831409317
    15    11    11    13   0.011686831409317
    15    11    11    15   0.006444140683642
    15    12    11    14   0.011161579075189
    15    13    11    11   0.011686831409317
    15    14    11    12   0.011161579075189
    15    15    11    11   0.006444140683642
    15     4    12     6   0.011467919708602
    15     6    12     4   0.011467919708602
    15     7    12     6   0.010272300794958
    15     7    12     9   0.016703233408114
    15     9    12     4   0.010272300794958
    15     9    12     7   0.016703233408114
    15    10    12    12   0.035060494227950
    15    11    12    14   0.020242185780428
    15    12    12     1   0.002020877859445
    15    12    12     2   0.017504841465906
    15    12    12     3   0.032765409797166
    15    12    12    10   0.035060494227950
    15    12    12    13   0.011686831409317
    15    12    12    15   0.042706084869559
    15    13    12    12   0.011686831409317
    15    14    12    11   0.020242185780428
    15    15    12    12   0.042706084869559
    15     1    13     1   0.138541438407931
    15     2    13     1  -0.013723417943946
    15     2    13     2   0.030184635207315
    15     3    13     1   0.023982487869839
    15     3    13     2   0.042876437643653
    15     3    13     3   0.101205321339439
    15     4    13     4   0.047943034297070
    15     5    13     5   0.052357038650941
    15     6    13     6   0.052357038650941
    15     7    13     4   0.038774911277367
    15     7    13     7   0.077797391688754
    15     8    13     5   0.042728721696811
    15     8    13     8   0.084226469225095
    15     9    13     6   0.042728721696811
    15     9    13     9   0.084226469225095
    15    10    13     1   0.007857089876624
    15    10    13     2   0.036087292218233
    15    10    13     3   0.068902142086834
    15    10    13    10   0.104380516045206
    15    10    13    13   0.037390578994917
    15    10    13    15   0.037390578994917
    15    11    13    11   0.112171736984750
    15    12    13    12   0.112171736984750
    15    13    13     1   0.008306173845390
    15    13    13     2   0.039977256988435
    15    13    13     3   0.076183344263982
    15    13    13    10   0.037390578994917
    15    13    13    13   0.119962957924295
    15    13    13    15   0.041686672784011
    15    14    13    14   0.125060018352034
    15    15    13     1   0.008306173845390
    15    15    13     2   0.039977256988435
    15    15    13     3   0.076183344263982
    15    15    13    10   0.037390578994917
    15    15    13    13   0.041686672784011
    15    15    13    15   0.119962957924295
    15     5    14     6   0.011467919708602
    15     6    14     5   0.011467919708602
    15     8    14     6   0.010272300794958
    15     8    14     9   0.016703233408114
    15     9    14     5   0.010272300794958
    15     9    14     8   0.016703233408114
    15    10    14    14   0.011686831409317
    15    11    14    12   0.020242185780428
    15    12    14    11   0.020242185780428
    15    13    14    14   0.035060494227950
    15    14    14     1   0.002020877859445
    15    14    14     2   0.017504841465906
    15    14    14     3   0.032765409797166
    15    14    14    10   0.011686831409317
    15    14    14    13   0.035060494227950
    15    14    14    15   0.042706084869559
    15    15    14    14   0.042706084869559
    15     1    15     1   0.415624315223793
    15     2    15     1  -0.041170253831839
    15     2    15     2   0.090553905621944
    15     3    15     1   0.071947463609517
    15     3    15     2   0.128629312930958
    15     3    15     3   0.303615964018318
    15     4    15     4   0.143829102891210
    15     5    15     5   0.143829102891210
    15     6    15     6   0.170313129014436
    15     7    15     4   0.116324733832100
    15     7    15     7   0.233392175066260
    15     8    15     5   0.116324733832100
    15     8    15     8   0.233392175066260
    15     9    15     6   0.140047596348764
    15     9    15     9   0.271966640284308
    15    10    15     1   0.023571269629872
    15    10    15     2   0.108261876654700
    15    10    15     3   0.206706426260503
    15    10    15    10   0.313141548135618
    15    10    15    13   0.104380516045206
    15    10    15    15   0.119962957924295
    15    11    15    11   0.313141548135618
    15    12    15    12   0.359888873772885
    15    13    15     1   0.023571269629872
    15    13    15     2   0.108261876654700
    15    13    15     3   0.206706426260503
    15    13    15    10   0.104380516045206
    15    13    15    13   0.313141548135618
    15    13    15    15   0.119962957924295
    15    14    15    14   0.359888873772885
    15    15    15     1   0.026265773442466
    15    15    15     2   0.131601665275908
    15    15    15     3   0.250393639323391
    15    15    15    10   0.119962957924295
    15    15    15    13   0.119962957924295
    15    15    15    15   0.416830320265630
