     1     1     1     1   5.978616169461326
     2     1     1     1  -1.043368363950095
     2     2     1     1   0.198233681194301
     2     2     1     2  -0.088610305145905
     2     1     2     1   0.619788403177161
     2     2     2     1  -0.088610305145905
     2     2     2     2   0.105700563219462
     3     1     1     1   0.759438186453363
     3     2     1     1  -0.116082525571249
     3     2     1     2   0.098730057404867
     3     3     1     1   0.113296791907356
     3     3     1     2   0.087972308493411
     3     3     1     3   0.209033247053009
     3     1     2     1   0.429469747644227
     3     2     2     1  -0.042400646865187
     3     2     2     2   0.111939393669044
     3     3     2     1   0.087972308493411
     3     3     2     2   0.142284474505439
     3     3     2     3   0.326161147705998
     3     1     3     1   1.102577523649360
     3     2     3     1  -0.125728122685727
     3     2     3     2   0.259819275397883
     3     3     3     1   0.209033247053009
     3     3     3     2   0.326161147705998
     3     3     3     3   0.787362898752253
     4     4     1     1   0.042875756272853
     4     4     1     2   0.016714383498261
     4     4     1     3   0.034019423255952
     4     4     2     1   0.016714383498261
     4     4     2     2   0.029465991809333
     4     4     2     3   0.046054167127765
     4     4     3     1   0.034019423255952
     4     4     3     2   0.046054167127765
     4     4     3     3   0.076939176123977
     4     1     4     1   0.902587954391193
     4     2     4     1  -0.109279786969966
     4     2     4     2   0.179155815187747
     4     3     4     1   0.163946205864666
     4     3     4     2   0.205377933118923
     4     3     4     3   0.467786476484907
     4     4     4     4   0.346856399653560
     4     5     4     5   0.309668016321210
     4     6     4     6   0.309668016321210
     4     4     5     5   0.018594191666175
     4     5     5     4   0.018594191666175
     4     4     6     6   0.018594191666175
     4     6     6     4   0.018594191666175
     5     5     1     1   0.042875756272853
     5     5     1     2   0.016714383498261
     5     5     1     3   0.034019423255952
     5     5     2     1   0.016714383498261
     5     5     2     2   0.029465991809333
     5     5     2     3   0.046054167127765
     5     5     3     1   0.034019423255952
     5     5     3     2   0.046054167127765
     5     5     3     3   0.076939176123977
     5     4     4     5   0.018594191666175
     5     5     4     4   0.018594191666175
     5     1     5     1   0.902587954391193
     5     2     5     1  -0.109279786969966
     5     2     5     2   0.179155815187747
     5     3     5     1   0.163946205864666
     5     3     5     2   0.205377933118923
     5     3     5     3   0.467786476484907
     5     4     5     4   0.309668016321210
     5     5     5     5   0.346856399653560
     5     6     5     6   0.309668016321210
     5     5     6     6   0.018594191666175
     5     6     6     5   0.018594191666175
     6     6     1     1   0.042875756272853
     6     6     1     2   0.016714383498261
     6     6     1     3   0.034019423255952
     6     6     2     1   0.016714383498261
     6     6     2     2   0.029465991809333
     6     6     2     3   0.046054167127765
     6     6     3     1   0.034019423255952
     6     6     3     2   0.046054167127765
     6     6     3     3   0.076939176123977
     6     4     4     6   0.018594191666175
     6     6     4     4   0.018594191666175
     6     5     5     6   0.018594191666175
     6     6     5     5   0.018594191666175
     6     1     6     1   0.902587954391193
     6     2     6     1  -0.109279786969966
     6     2     6     2   0.179155815187747
     6     3     6     1   0.163946205864666
     6     3     6     2   0.205377933118923
     6     3     6     3   0.467786476484907
     6     4     6     4   0.309668016321210
     6     5     6     5   0.309668016321210
     6     6     6     6   0.346856399653560
     7     4     1     1   0.005705729094638
     7     4     1     2   0.003600998564800
     7     4     1     3   0.006395929983092
     7     7     1     1   0.000850880474826
     7     7     1     2   0.001958422845185
     7     7     1     3   0.004481487493570
     7     4     2     1   0.008971445296549
     7     4     2     2   0.017582617863827
     7     4     2     3   0.029506350859972
     7     7     2     1   0.001958422845185
     7     7     2     2   0.012189738260017
     7     7     2     3   0.034198651982790
     7     4     3     1   0.019791112583563
     7     4     3     2   0.042830259944291
     7     4     3     3   0.077752861385521
     7     7     3     1   0.004481487493570
     7     7     3     2   0.034198651982790
     7     7     3     3   0.119146429828466
     7     1     4     1   0.407290601381460
     7     2     4     1  -0.045833247000406
     7     2     4     2   0.096708457329663
     7     3     4     1   0.077798092022485
     7     3     4     2   0.120809775409459
     7     3     4     3   0.285687402530451
     7     4     4     4   0.186795046630671
     7     5     4     5   0.168112730038547
     7     6     4     6   0.168112730038547
     7     7     4     4   0.113414737114953
     7     7     4     7   0.236313479402210
     7     8     4     5   0.100365703487390
     7     8     4     8   0.213228720462201
     7     9     4     6   0.100365703487390
     7     9     4     9   0.213228720462201
     7     4     5     5   0.009341158296062
     7     5     5     4   0.009341158296062
     7     7     5     5   0.006524516813781
     7     7     5     8   0.011542379470005
     7     8     5     4   0.006524516813781
     7     8     5     7   0.011542379470005
     7     4     6     6   0.009341158296062
     7     6     6     4   0.009341158296062
     7     7     6     6   0.006524516813781
     7     7     6     9   0.011542379470005
     7     9     6     4   0.006524516813781
     7     9     6     7   0.011542379470005
     7     1     7     1   0.699416194795859
     7     2     7     1  -0.076368264066373
     7     2     7     2   0.183702208345165
     7     3     7     1   0.136537246500390
     7     3     7     2   0.244563748902738
     7     3     7     3   0.628471238785735
     7     4     7     4   0.346715496750661
     7     5     7     5   0.324217547565017
     7     6     7     6   0.324217547565017
     7     7     7     4   0.236313479402209
     7     7     7     7   0.605467607405097
     7     8     7     5   0.213228720462201
     7     8     7     8   0.531328716702432
     7     9     7     6   0.213228720462201
     7     9     7     9   0.531328716702432
     7     4     8     5   0.011248974592822
     7     5     8     4   0.011248974592822
     7     7     8     5   0.011542379470005
     7     7     8     8   0.037069445351332
     7     8     8     4   0.011542379470005
     7     8     8     7   0.037069445351332
     7     4     9     6   0.011248974592822
     7     6     9     4   0.011248974592822
     7     7     9     6   0.011542379470005
     7     7     9     9   0.037069445351332
     7     9     9     4   0.011542379470005
     7     9     9     7   0.037069445351332
     8     5     1     1   0.005705729094638
     8     5     1     2   0.003600998564800
     8     5     1     3   0.006395929983092
     8     8     1     1   0.000850880474826
     8     8     1     2   0.001958422845185
     8     8     1     3   0.004481487493570
     8     5     2     1   0.008971445296549
     8     5     2     2   0.017582617863827
     8     5     2     3   0.029506350859972
     8     8     2     1   0.001958422845185
     8     8     2     2   0.012189738260017
     8     8     2     3   0.034198651982790
     8     5     3     1   0.019791112583563
     8     5     3     2   0.042830259944291
     8     5     3     3   0.077752861385521
     8     8     3     1   0.004481487493570
     8     8     3     2   0.034198651982790
     8     8     3     3   0.119146429828466
     8     4     4     5   0.009341158296062
     8     5     4     4   0.009341158296062
     8     7     4     5   0.006524516813781
     8     7     4     8   0.011542379470005
     8     8     4     4   0.006524516813781
     8     8     4     7   0.011542379470005
     8     1     5     1   0.407290601381460
     8     2     5     1  -0.045833247000406
     8     2     5     2   0.096708457329663
     8     3     5     1   0.077798092022485
     8     3     5     2   0.120809775409459
     8     3     5     3   0.285687402530451
     8     4     5     4   0.168112730038547
     8     5     5     5   0.186795046630671
     8     6     5     6   0.168112730038547
     8     7     5     4   0.100365703487390
     8     7     5     7   0.213228720462201
     8     8     5     5   0.113414737114953
     8     8     5     8   0.236313479402210
     8     9     5     6   0.100365703487390
     8     9     5     9   0.213228720462201
     8     5     6     6   0.009341158296062
     8     6     6     5   0.009341158296062
     8     8     6     6   0.006524516813781
     8     8     6     9   0.011542379470005
     8     9     6     5   0.006524516813781
     8     9     6     8   0.011542379470005
     8     4     7     5   0.011248974592822
     8     5     7     4   0.011248974592822
     8     7     7     5   0.011542379470005
     8     7     7     8   0.037069445351332
     8     8     7     4   0.011542379470005
     8     8     7     7   0.037069445351332
     8     1     8     1   0.699416194795859
     8     2     8     1  -0.076368264066373
     8     2     8     2   0.183702208345165
     8     3     8     1   0.136537246500390
     8     3     8     2   0.244563748902738
     8     3     8     3   0.628471238785735
     8     4     8     4   0.324217547565017
     8     5     8     5   0.346715496750661
     8     6     8     6   0.324217547565017
     8     7     8     4   0.213228720462201
     8     7     8     7   0.531328716702432
     8     8     8     5   0.236313479402209
     8     8     8     8   0.605467607405097
     8     9     8     6   0.213228720462201
     8     9     8     9   0.531328716702432
     8     5     9     6   0.011248974592822
     8     6     9     5   0.011248974592822
     8     8     9     6   0.011542379470005
     8     8     9     9   0.037069445351332
     8     9     9     5   0.011542379470005
     8     9     9     8   0.037069445351332
     9     6     1     1   0.005705729094638
     9     6     1     2   0.003600998564800
     9     6     1     3   0.006395929983092
     9     9     1     1   0.000850880474826
     9     9     1     2   0.001958422845185
     9     9     1     3   0.004481487493570
     9     6     2     1   0.008971445296549
     9     6     2     2   0.017582617863827
     9     6     2     3   0.029506350859972
     9     9     2     1   0.001958422845185
     9     9     2     2   0.012189738260017
     9     9     2     3   0.034198651982790
     9     6     3     1   0.019791112583563
     9     6     3     2   0.042830259944291
     9     6     3     3   0.077752861385521
     9     9     3     1   0.004481487493570
     9     9     3     2   0.034198651982790
     9     9     3     3   0.119146429828466
     9     4     4     6   0.009341158296062
     9     6     4     4   0.009341158296062
     9     7     4     6   0.006524516813781
     9     7     4     9   0.011542379470005
     9     9     4     4   0.006524516813781
     9     9     4     7   0.011542379470005
     9     5     5     6   0.009341158296062
     9     6     5     5   0.009341158296062
     9     8     5     6   0.006524516813781
     9     8     5     9   0.011542379470005
     9     9     5     5   0.006524516813781
     9     9     5     8   0.011542379470005
     9     1     6     1   0.407290601381460
     9     2     6     1  -0.045833247000406
     9     2     6     2   0.096708457329663
     9     3     6     1   0.077798092022485
     9     3     6     2   0.120809775409459
     9     3     6     3   0.285687402530451
     9     4     6     4   0.168112730038547
     9     5     6     5   0.168112730038547
     9     6     6     6   0.186795046630671
     9     7     6     4   0.100365703487390
     9     7     6     7   0.213228720462201
     9     8     6     5   0.100365703487390
     9     8     6     8   0.213228720462201
     9     9     6     6   0.113414737114953
     9     9     6     9   0.236313479402210
     9     4     7     6   0.011248974592822
     9     6     7     4   0.011248974592822
     9     7     7     6   0.011542379470005
     9     7     7     9   0.037069445351332
     9     9     7     4   0.011542379470005
     9     9     7     7   0.037069445351332
     9     5     8     6   0.011248974592822
     9     6     8     5   0.011248974592822
     9     8     8     6   0.011542379470005
     9     8     8     9   0.037069445351332
     9     9     8     5   0.011542379470005
     9     9     8     8   0.037069445351332
     9     1     9     1   0.699416194795859
     9     2     9     1  -0.076368264066373
     9     2     9     2   0.183702208345165
     9     3     9     1   0.136537246500390
     9     3     9     2   0.244563748902738
     9     3     9     3   0.628471238785735
     9     4     9     4   0.324217547565017
     9     5     9     5   0.324217547565017
     9     6     9     6   0.346715496750661
     9     7     9     4   0.213228720462201
     9     7     9     7   0.531328716702432
     9     8     9     5   0.213228720462201
     9     8     9     8   0.531328716702432
     9     9     9     6   0.236313479402209
     9     9     9     9   0.605467607405097
    10     1     1     1   0.224177976767363
    10     2     1     1  -0.029380456437582
    10     2     1     2   0.037084107258007
    10     3     1     1   0.038381273479330
    10     3     1     2   0.038806936171685
    10     3     1     3   0.088198349882375
    10     4     1     4   0.070774519250835
    10     5     1     5   0.063671878572873
    10     6     1     6   0.063671878572873
    10     7     1     4   0.034778288969057
    10     7     1     7   0.060796169359833
    10     8     1     5   0.032100864985202
    10     8     1     8   0.058435547434013
    10     9     1     6   0.032100864985202
    10     9     1     9   0.058435547434013
    10    10     1     1   0.015683727998649
    10    10     1     2   0.040388460986173
    10    10     1     3   0.068083509163609
    10    10     1    10   0.112987936029365
    10    10     1    13   0.035538317493847
    10    10     1    15   0.035538317493847
    10    11     1    11   0.106614952481541
    10    12     1    12   0.106614952481541
    10    13     1     1   0.013976251467264
    10    13     1     2   0.036795678435098
    10    13     1     3   0.062726021197025
    10    13     1    10   0.035538317493847
    10    13     1    13   0.100241968933718
    10    13     1    15   0.033413989644573
    10    14     1    14   0.100241968933718
    10    15     1     1   0.013976251467264
    10    15     1     2   0.036795678435098
    10    15     1     3   0.062726021197025
    10    15     1    10   0.035538317493847
    10    15     1    13   0.033413989644573
    10    15     1    15   0.100241968933718
    10     1     2     1   0.459890692276927
    10     2     2     1  -0.050653016910859
    10     2     2     2   0.109954083425757
    10     3     2     1   0.088853798388278
    10     3     2     2   0.135572793739250
    10     3     2     3   0.310094789160217
    10     4     2     4   0.214637346086906
    10     5     2     5   0.190579880874154
    10     6     2     6   0.190579880874154
    10     7     2     4   0.125049085130882
    10     7     2     7   0.242423374949627
    10     8     2     5   0.110313485871270
    10     8     2     8   0.222288497088683
    10     9     2     6   0.110313485871270
    10     9     2     9   0.222288497088683
    10    10     2     1   0.040388460986173
    10    10     2     2   0.142346355466752
    10    10     2     3   0.246992768463047
    10    10     2    10   0.418539500334165
    10    10     2    13   0.127056151013198
    10    10     2    15   0.127056151013198
    10    11     2    11   0.381168453039594
    10    12     2    12   0.381168453039594
    10    13     2     1   0.036795678435098
    10    13     2     2   0.123840206511658
    10    13     2     3   0.216457981187392
    10    13     2    10   0.127056151013198
    10    13     2    13   0.343797405745023
    10    13     2    15   0.114599135248341
    10    14     2    14   0.343797405745023
    10    15     2     1   0.036795678435098
    10    15     2     2   0.123840206511658
    10    15     2     3   0.216457981187392
    10    15     2    10   0.127056151013198
    10    15     2    13   0.114599135248341
    10    15     2    15   0.343797405745023
    10     1     3     1   0.787653825782375
    10     2     3     1  -0.087812002909342
    10     2     3     2   0.189728877494960
    10     3     3     1   0.151295252947620
    10     3     3     2   0.237257918910707
    10     3     3     3   0.555728225926339
    10     4     3     4   0.367456169826618
    10     5     3     5   0.329245226374235
    10     6     3     6   0.329245226374235
    10     7     3     4   0.222116052694231
    10     7     3     7   0.453035854160172
    10     8     3     5   0.195865667131047
    10     8     3     8   0.410130758982487
    10     9     3     6   0.195865667131047
    10     9     3     9   0.410130758982487
    10    10     3     1   0.068083509163609
    10    10     3     2   0.246992768463047
    10    10     3     3   0.436463516767217
    10    10     3    10   0.734072117875709
    10    10     3    13   0.223364613768077
    10    10     3    15   0.223364613768077
    10    11     3    11   0.670093841304231
    10    12     3    12   0.670093841304231
    10    13     3     1   0.062726021197025
    10    13     3     2   0.216457981187393
    10    13     3     3   0.383019004510007
    10    13     3    10   0.223364613768077
    10    13     3    13   0.606115564732752
    10    13     3    15   0.202038521577584
    10    14     3    14   0.606115564732752
    10    15     3     1   0.062726021197025
    10    15     3     2   0.216457981187393
    10    15     3     3   0.383019004510007
    10    15     3    10   0.223364613768077
    10    15     3    13   0.202038521577584
    10    15     3    15   0.606115564732752
    10     4     4     1   0.046394309675236
    10     4     4     2   0.073911006847001
    10     4     4     3   0.120743958295232
    10     7     4     1   0.009311338925977
    10     7     4     2   0.047138138594764
    10     7     4     3   0.120373093433282
    10    10     4     4   0.202525021416613
    10    10     4     7   0.155992037933579
    10    11     4     5   0.102983235407997
    10    11     4     8   0.079609978249959
    10    12     4     6   0.102983235407997
    10    12     4     9   0.079609978249959
    10    13     4     4   0.059457398684826
    10    13     4     7   0.045962842372794
    10    15     4     4   0.059457398684826
    10    15     4     7   0.045962842372794
    10     5     5     1   0.015464769891745
    10     5     5     2   0.024637002282334
    10     5     5     3   0.040247986098411
    10     8     5     1   0.003103779641992
    10     8     5     2   0.015712712864921
    10     8     5     3   0.040124364477761
    10    10     5     5   0.027870074682320
    10    10     5     8   0.021355451062664
    10    11     5     4   0.048272385360518
    10    11     5     7   0.036988726259085
    10    13     5     5   0.059457398684826
    10    13     5     8   0.045962842372794
    10    14     5     6   0.034327745135999
    10    14     5     9   0.026536659416653
    10    15     5     5   0.019819132894942
    10    15     5     8   0.015320947457598
    10     6     6     1   0.015464769891745
    10     6     6     2   0.024637002282334
    10     6     6     3   0.040247986098411
    10     9     6     1   0.003103779641992
    10     9     6     2   0.015712712864921
    10     9     6     3   0.040124364477761
    10    10     6     6   0.027870074682320
    10    10     6     9   0.021355451062664
    10    12     6     4   0.048272385360518
    10    12     6     7   0.036988726259085
    10    13     6     6   0.019819132894942
    10    13     6     9   0.015320947457598
    10    14     6     5   0.034327745135999
    10    14     6     8   0.026536659416653
    10    15     6     6   0.059457398684826
    10    15     6     9   0.045962842372794
    10     4     7     1   0.025826948823604
    10     4     7     2   0.054150981669720
    10     4     7     3   0.093460851510589
    10     7     7     1   0.005756526137818
    10     7     7     2   0.039774211200279
    10     7     7     3   0.117290484580176
    10    10     7     4   0.155992037933579
    10    10     7     7   0.139363188899357
    10    11     7     5   0.079609978249959
    10    11     7     8   0.070527871585901
    10    12     7     6   0.079609978249959
    10    12     7     9   0.070527871585901
    10    13     7     4   0.045962842372794
    10    13     7     7   0.040719285645491
    10    15     7     4   0.045962842372794
    10    15     7     7   0.040719285645491
    10     5     8     1   0.008608982941201
    10     5     8     2   0.018050327223240
    10     5     8     3   0.031153617170196
    10     8     8     1   0.001918842045939
    10     8     8     2   0.013258070400093
    10     8     8     3   0.039096828193392
    10    10     8     5   0.021355451062664
    10    10     8     8   0.019308205869458
    10    11     8     4   0.036988726259085
    10    11     8     7   0.033442793568901
    10    13     8     5   0.045962842372794
    10    13     8     8   0.040719285645491
    10    14     8     6   0.026536659416653
    10    14     8     9   0.023509290528634
    10    15     8     5   0.015320947457598
    10    15     8     8   0.013573095215164
    10     6     9     1   0.008608982941201
    10     6     9     2   0.018050327223240
    10     6     9     3   0.031153617170196
    10     9     9     1   0.001918842045939
    10     9     9     2   0.013258070400093
    10     9     9     3   0.039096828193392
    10    10     9     6   0.021355451062664
    10    10     9     9   0.019308205869458
    10    12     9     4   0.036988726259085
    10    12     9     7   0.033442793568901
    10    13     9     6   0.015320947457598
    10    13     9     9   0.013573095215164
    10    14     9     5   0.026536659416653
    10    14     9     8   0.023509290528634
    10    15     9     6   0.045962842372794
    10    15     9     9   0.040719285645491
    10     1    10     1   1.263244087695222
    10     2    10     1  -0.139670244887905
    10     2    10     2   0.308190261844900
    10     3    10     1   0.243830017446964
    10     3    10     2   0.385221192620992
    10     3    10     3   0.892619213293887
    10     4    10     4   0.616916155500309
    10     5    10     5   0.524379929680670
    10     6    10     6   0.524379929680670
    10     7    10     4   0.371603224543097
    10     7    10     7   0.734190547383480
    10     8    10     5   0.309575730917885
    10     8    10     8   0.641387118680084
    10     9    10     6   0.309575730917885
    10     9    10     9   0.641387118680084
    10    10    10     1   0.112987936029365
    10    10    10     2   0.418539500334165
    10    10    10     3   0.734072117875710
    10    10    10    10   1.267883881827356
    10    10    10    13   0.364894522719988
    10    10    10    15   0.364894522719988
    10    11    10    11   1.094683568159963
    10    12    10    12   1.094683568159963
    10    13    10     1   0.100241968933718
    10    13    10     2   0.343797405745023
    10    13    10     3   0.606115564732752
    10    13    10    10   0.364894522719988
    10    13    10    13   0.952490983282129
    10    13    10    15   0.317496994427376
    10    14    10    14   0.952490983282129
    10    15    10     1   0.100241968933718
    10    15    10     2   0.343797405745023
    10    15    10     3   0.606115564732752
    10    15    10    10   0.364894522719988
    10    15    10    13   0.317496994427376
    10    15    10    15   0.952490983282129
    10     4    11     5   0.040069361165071
    10     5    11     4   0.040069361165071
    10     7    11     5   0.026858692606255
    10     7    11     8   0.040185063407719
    10     8    11     4   0.026858692606255
    10     8    11     7   0.040185063407719
    10    10    11    11   0.129900235250545
    10    11    11     1   0.009559475321736
    10    11    11     2   0.056056570941856
    10    11    11     3   0.095967414857218
    10    11    11    10   0.129900235250545
    10    11    11    13   0.106644438658376
    10    11    11    15   0.035548146219459
    10    12    11    14   0.061571195366990
    10    13    11    11   0.106644438658376
    10    14    11    12   0.061571195366990
    10    15    11    11   0.035548146219459
    10     4    12     6   0.040069361165071
    10     6    12     4   0.040069361165071
    10     7    12     6   0.026858692606255
    10     7    12     9   0.040185063407719
    10     9    12     4   0.026858692606255
    10     9    12     7   0.040185063407719
    10    10    12    12   0.129900235250545
    10    11    12    14   0.061571195366990
    10    12    12     1   0.009559475321736
    10    12    12     2   0.056056570941856
    10    12    12     3   0.095967414857218
    10    12    12    10   0.129900235250545
    10    12    12    13   0.035548146219459
    10    12    12    15   0.106644438658376
    10    13    12    12   0.035548146219459
    10    14    12    11   0.061571195366990
    10    15    12    12   0.106644438658376
    10     1    13     1   0.421081362565074
    10     2    13     1  -0.046556748295968
    10     2    13     2   0.102730087281633
    10     3    13     1   0.081276672482321
    10     3    13     2   0.128407064206997
    10     3    13     3   0.297539737764629
    10     4    13     4   0.190216014196830
    10     5    13     5   0.190216014196830
    10     6    13     6   0.174793309893557
    10     7    13     4   0.113529825910164
    10     7    13     7   0.229262944343927
    10     8    13     5   0.113529825910164
    10     8    13     8   0.229262944343927
    10     9    13     6   0.103191910305962
    10     9    13     9   0.213795706226695
    10    10    13     1   0.035538317493847
    10    10    13     2   0.127056151013198
    10    10    13     3   0.223364613768077
    10    10    13    10   0.364894522719988
    10    10    13    13   0.126799462371589
    10    10    13    15   0.113731919524561
    10    11    13    11   0.380398387114767
    10    12    13    12   0.341195758573682
    10    13    13     1   0.035538317493847
    10    13    13     2   0.127056151013198
    10    13    13     3   0.223364613768077
    10    13    13    10   0.126799462371589
    10    13    13    13   0.364894522719988
    10    13    13    15   0.113731919524561
    10    14    13    14   0.341195758573682
    10    15    13     1   0.033413989644573
    10    15    13     2   0.114599135248341
    10    15    13     3   0.202038521577584
    10    15    13    10   0.113731919524561
    10    15    13    13   0.113731919524561
    10    15    13    15   0.317496994427376
    10     5    14     6   0.013356453721690
    10     6    14     5   0.013356453721690
    10     8    14     6   0.008952897535418
    10     8    14     9   0.013395021135906
    10     9    14     5   0.008952897535418
    10     9    14     8   0.013395021135906
    10    10    14    14   0.019601314270543
    10    11    14    12   0.033950472211705
    10    12    14    11   0.033950472211705
    10    13    14    14   0.035548146219459
    10    14    14     1   0.003186491773912
    10    14    14     2   0.018685523647285
    10    14    14     3   0.031989138285739
    10    14    14    10   0.019601314270543
    10    14    14    13   0.035548146219459
    10    14    14    15   0.035548146219459
    10    15    14    14   0.035548146219459
    10     1    15     1   0.421081362565074
    10     2    15     1  -0.046556748295968
    10     2    15     2   0.102730087281633
    10     3    15     1   0.081276672482321
    10     3    15     2   0.128407064206997
    10     3    15     3   0.297539737764629
    10     4    15     4   0.190216014196830
    10     5    15     5   0.174793309893557
    10     6    15     6   0.190216014196830
    10     7    15     4   0.113529825910164
    10     7    15     7   0.229262944343927
    10     8    15     5   0.103191910305962
    10     8    15     8   0.213795706226695
    10     9    15     6   0.113529825910164
    10     9    15     9   0.229262944343927
    10    10    15     1   0.035538317493847
    10    10    15     2   0.127056151013198
    10    10    15     3   0.223364613768077
    10    10    15    10   0.364894522719988
    10    10    15    13   0.113731919524561
    10    10    15    15   0.126799462371589
    10    11    15    11   0.341195758573682
    10    12    15    12   0.380398387114767
    10    13    15     1   0.033413989644573
    10    13    15     2   0.114599135248341
    10    13    15     3   0.202038521577584
    10    13    15    10   0.113731919524561
    10    13    15    13   0.317496994427376
    10    13    15    15   0.113731919524561
    10    14    15    14   0.341195758573682
    10    15    15     1   0.035538317493847
    10    15    15     2   0.127056151013198
    10    15    15     3   0.223364613768077
    10    15    15    10   0.126799462371589
    10    15    15    13   0.113731919524561
    10    15    15    15   0.364894522719988
    11     4     1     5   0.006151067261068
    11     5     1     4   0.006151067261068
    11     7     1     5   0.002318717186720
    11     7     1     8   0.002044358556491
    11     8     1     4   0.002318717186720
    11     8     1     7   0.002044358556491
    11    10     1    11   0.009559475321736
    11    11     1     1   0.002561214797078
    11    11     1     2   0.005389173826613
    11    11     1     3   0.008036231949876
    11    11     1    10   0.009559475321736
    11    11     1    13   0.009559475321736
    11    11     1    15   0.003186491773912
    11    12     1    14   0.005519165650316
    11    13     1    11   0.009559475321736
    11    14     1    12   0.005519165650316
    11    15     1    11   0.003186491773912
    11     4     2     5   0.020834376024903
    11     5     2     4   0.020834376024903
    11     7     2     5   0.012761403298811
    11     7     2     8   0.017437315729674
    11     8     2     4   0.012761403298811
    11     8     2     7   0.017437315729674
    11    10     2    11   0.056056570941856
    11    11     2     1   0.005389173826613
    11    11     2     2   0.027759223432642
    11    11     2     3   0.045802180913482
    11    11     2    10   0.056056570941856
    11    11     2    13   0.056056570941856
    11    11     2    15   0.018685523647285
    11    12     2    14   0.032364276323128
    11    13     2    11   0.056056570941856
    11    14     2    12   0.032364276323128
    11    15     2    11   0.018685523647285
    11     4     3     5   0.033091647732334
    11     5     3     4   0.033091647732334
    11     7     3     5   0.022733500756853
    11     7     3     8   0.037156902375665
    11     8     3     4   0.022733500756853
    11     8     3     7   0.037156902375665
    11    10     3    11   0.095967414857218
    11    11     3     1   0.008036231949876
    11    11     3     2   0.045802180913482
    11    11     3     3   0.080166768385815
    11    11     3    10   0.095967414857218
    11    11     3    13   0.095967414857218
    11    11     3    15   0.031989138285739
    11    12     3    14   0.055406812801247
    11    13     3    11   0.095967414857218
    11    14     3    12   0.055406812801247
    11    15     3    11   0.031989138285739
    11     5     4     1   0.026785767179865
    11     5     4     2   0.042672539699192
    11     5     4     3   0.069711556824773
    11     8     4     1   0.005375904035429
    11     8     4     2   0.027215217006785
    11     8     4     3   0.069497437896893
    11    10     4     5   0.048272385360518
    11    10     4     8   0.036988726259085
    11    11     4     4   0.083610224046961
    11    11     4     7   0.064066353187992
    11    13     4     5   0.102983235407997
    11    13     4     8   0.079609978249959
    11    14     4     6   0.059457398684826
    11    14     4     9   0.045962842372794
    11    15     4     5   0.034327745135999
    11    15     4     8   0.026536659416653
    11     4     5     1   0.026785767179865
    11     4     5     2   0.042672539699192
    11     4     5     3   0.069711556824773
    11     7     5     1   0.005375904035429
    11     7     5     2   0.027215217006785
    11     7     5     3   0.069497437896893
    11    10     5     4   0.102983235407997
    11    10     5     7   0.079609978249959
    11    11     5     5   0.083610224046961
    11    11     5     8   0.064066353187992
    11    12     5     6   0.059457398684826
    11    12     5     9   0.045962842372794
    11    13     5     4   0.048272385360518
    11    13     5     7   0.036988726259085
    11    15     5     4   0.034327745135999
    11    15     5     7   0.026536659416653
    11    11     6     6   0.012076412681068
    11    11     6     9   0.009051755407599
    11    12     6     5   0.012076412681068
    11    12     6     8   0.009051755407599
    11    14     6     4   0.012076412681068
    11    14     6     7   0.009051755407599
    11     5     7     1   0.014911195855655
    11     5     7     2   0.031264083843895
    11     5     7     3   0.053959647778330
    11     8     7     1   0.003323531915266
    11     8     7     2   0.022963651543286
    11     8     7     3   0.067717692845747
    11    10     7     5   0.036988726259085
    11    10     7     8   0.033442793568901
    11    11     7     4   0.064066353187992
    11    11     7     7   0.057924617608375
    11    13     7     5   0.079609978249959
    11    13     7     8   0.070527871585901
    11    14     7     6   0.045962842372794
    11    14     7     9   0.040719285645491
    11    15     7     5   0.026536659416653
    11    15     7     8   0.023509290528634
    11     4     8     1   0.014911195855655
    11     4     8     2   0.031264083843895
    11     4     8     3   0.053959647778330
    11     7     8     1   0.003323531915266
    11     7     8     2   0.022963651543286
    11     7     8     3   0.067717692845747
    11    10     8     4   0.079609978249959
    11    10     8     7   0.070527871585901
    11    11     8     5   0.064066353187992
    11    11     8     8   0.057924617608375
    11    12     8     6   0.045962842372794
    11    12     8     9   0.040719285645491
    11    13     8     4   0.036988726259085
    11    13     8     7   0.033442793568901
    11    15     8     4   0.026536659416653
    11    15     8     7   0.023509290528634
    11    11     9     6   0.009051755407599
    11    11     9     9   0.008602665981442
    11    12     9     5   0.009051755407599
    11    12     9     8   0.008602665981442
    11    14     9     4   0.009051755407599
    11    14     9     7   0.008602665981442
    11     4    10     5   0.040069361165071
    11     5    10     4   0.040069361165071
    11     7    10     5   0.026858692606255
    11     7    10     8   0.040185063407719
    11     8    10     4   0.026858692606255
    11     8    10     7   0.040185063407719
    11    10    10    11   0.129900235250545
    11    11    10     1   0.009559475321736
    11    11    10     2   0.056056570941856
    11    11    10     3   0.095967414857218
    11    11    10    10   0.129900235250545
    11    11    10    13   0.106644438658376
    11    11    10    15   0.035548146219459
    11    12    10    14   0.061571195366990
    11    13    10    11   0.106644438658376
    11    14    10    12   0.061571195366990
    11    15    10    11   0.035548146219459
    11     1    11     1   1.263244087695222
    11     2    11     1  -0.139670244887905
    11     2    11     2   0.308190261844900
    11     3    11     1   0.243830017446964
    11     3    11     2   0.385221192620992
    11     3    11     3   0.892619213293887
    11     4    11     4   0.570648042590490
    11     5    11     5   0.570648042590490
    11     6    11     6   0.524379929680670
    11     7    11     4   0.340589477730491
    11     7    11     7   0.687788833031782
    11     8    11     5   0.340589477730491
    11     8    11     8   0.687788833031782
    11     9    11     6   0.309575730917886
    11     9    11     9   0.641387118680084
    11    10    11     1   0.106614952481541
    11    10    11     2   0.381168453039594
    11    10    11     3   0.670093841304231
    11    10    11    10   1.094683568159963
    11    10    11    13   0.380398387114767
    11    10    11    15   0.341195758573682
    11    11    11    11   1.141195161344301
    11    12    11    12   1.023587275721046
    11    13    11     1   0.106614952481541
    11    13    11     2   0.381168453039594
    11    13    11     3   0.670093841304231
    11    13    11    10   0.380398387114767
    11    13    11    13   1.094683568159963
    11    13    11    15   0.341195758573682
    11    14    11    14   1.023587275721046
    11    15    11     1   0.100241968933718
    11    15    11     2   0.343797405745023
    11    15    11     3   0.606115564732752
    11    15    11    10   0.341195758573682
    11    15    11    13   0.341195758573682
    11    15    11    15   0.952490983282128
    11     5    12     6   0.023134056454910
    11     6    12     5   0.023134056454910
    11     8    12     6   0.015506873406303
    11     8    12     9   0.023200857175849
    11     9    12     5   0.015506873406303
    11     9    12     8   0.023200857175849
    11    10    12    14   0.033950472211705
    11    11    12    12   0.058803942811628
    11    12    12    11   0.058803942811628
    11    13    12    14   0.061571195366990
    11    14    12     1   0.005519165650316
    11    14    12     2   0.032364276323128
    11    14    12     3   0.055406812801247
    11    14    12    10   0.033950472211705
    11    14    12    13   0.061571195366990
    11    14    12    15   0.061571195366990
    11    15    12    14   0.061571195366990
    11     4    13     5   0.040069361165071
    11     5    13     4   0.040069361165071
    11     7    13     5   0.026858692606255
    11     7    13     8   0.040185063407719
    11     8    13     4   0.026858692606255
    11     8    13     7   0.040185063407719
    11    10    13    11   0.106644438658376
    11    11    13     1   0.009559475321736
    11    11    13     2   0.056056570941856
    11    11    13     3   0.095967414857218
    11    11    13    10   0.106644438658376
    11    11    13    13   0.129900235250545
    11    11    13    15   0.035548146219459
    11    12    13    14   0.061571195366990
    11    13    13    11   0.129900235250545
    11    14    13    12   0.061571195366990
    11    15    13    11   0.035548146219459
    11     4    14     6   0.023134056454910
    11     6    14     4   0.023134056454910
    11     7    14     6   0.015506873406303
    11     7    14     9   0.023200857175849
    11     9    14     4   0.015506873406303
    11     9    14     7   0.023200857175849
    11    10    14    12   0.061571195366990
    11    11    14    14   0.058803942811628
    11    12    14     1   0.005519165650316
    11    12    14     2   0.032364276323128
    11    12    14     3   0.055406812801247
    11    12    14    10   0.061571195366990
    11    12    14    13   0.033950472211705
    11    12    14    15   0.061571195366990
    11    13    14    12   0.033950472211705
    11    14    14    11   0.058803942811628
    11    15    14    12   0.061571195366990
    11     4    15     5   0.013356453721690
    11     5    15     4   0.013356453721690
    11     7    15     5   0.008952897535418
    11     7    15     8   0.013395021135906
    11     8    15     4   0.008952897535418
    11     8    15     7   0.013395021135906
    11    10    15    11   0.035548146219459
    11    11    15     1   0.003186491773912
    11    11    15     2   0.018685523647285
    11    11    15     3   0.031989138285739
    11    11    15    10   0.035548146219459
    11    11    15    13   0.035548146219459
    11    11    15    15   0.019601314270543
    11    12    15    14   0.033950472211705
    11    13    15    11   0.035548146219459
    11    14    15    12   0.033950472211705
    11    15    15    11   0.019601314270543
    12     4     1     6   0.006151067261068
    12     6     1     4   0.006151067261068
    12     7     1     6   0.002318717186720
    12     7     1     9   0.002044358556491
    12     9     1     4   0.002318717186720
    12     9     1     7   0.002044358556491
    12    10     1    12   0.009559475321736
    12    11     1    14   0.005519165650316
    12    12     1     1   0.002561214797078
    12    12     1     2   0.005389173826613
    12    12     1     3   0.008036231949876
    12    12     1    10   0.009559475321736
    12    12     1    13   0.003186491773912
    12    12     1    15   0.009559475321736
    12    13     1    12   0.003186491773912
    12    14     1    11   0.005519165650316
    12    15     1    12   0.009559475321736
    12     4     2     6   0.020834376024903
    12     6     2     4   0.020834376024903
    12     7     2     6   0.012761403298811
    12     7     2     9   0.017437315729674
    12     9     2     4   0.012761403298811
    12     9     2     7   0.017437315729674
    12    10     2    12   0.056056570941856
    12    11     2    14   0.032364276323128
    12    12     2     1   0.005389173826613
    12    12     2     2   0.027759223432642
    12    12     2     3   0.045802180913482
    12    12     2    10   0.056056570941856
    12    12     2    13   0.018685523647285
    12    12     2    15   0.056056570941856
    12    13     2    12   0.018685523647285
    12    14     2    11   0.032364276323128
    12    15     2    12   0.056056570941856
    12     4     3     6   0.033091647732334
    12     6     3     4   0.033091647732334
    12     7     3     6   0.022733500756853
    12     7     3     9   0.037156902375665
    12     9     3     4   0.022733500756853
    12     9     3     7   0.037156902375665
    12    10     3    12   0.095967414857218
    12    11     3    14   0.055406812801247
    12    12     3     1   0.008036231949876
    12    12     3     2   0.045802180913482
    12    12     3     3   0.080166768385815
    12    12     3    10   0.095967414857218
    12    12     3    13   0.031989138285739
    12    12     3    15   0.095967414857218
    12    13     3    12   0.031989138285739
    12    14     3    11   0.055406812801247
    12    15     3    12   0.095967414857218
    12     6     4     1   0.026785767179865
    12     6     4     2   0.042672539699192
    12     6     4     3   0.069711556824773
    12     9     4     1   0.005375904035429
    12     9     4     2   0.027215217006785
    12     9     4     3   0.069497437896893
    12    10     4     6   0.048272385360518
    12    10     4     9   0.036988726259085
    12    12     4     4   0.083610224046961
    12    12     4     7   0.064066353187992
    12    13     4     6   0.034327745135999
    12    13     4     9   0.026536659416653
    12    14     4     5   0.059457398684826
    12    14     4     8   0.045962842372794
    12    15     4     6   0.102983235407997
    12    15     4     9   0.079609978249959
    12    11     5     6   0.012076412681068
    12    11     5     9   0.009051755407599
    12    12     5     5   0.012076412681068
    12    12     5     8   0.009051755407599
    12    14     5     4   0.012076412681068
    12    14     5     7   0.009051755407599
    12     4     6     1   0.026785767179865
    12     4     6     2   0.042672539699192
    12     4     6     3   0.069711556824773
    12     7     6     1   0.005375904035429
    12     7     6     2   0.027215217006785
    12     7     6     3   0.069497437896893
    12    10     6     4   0.102983235407997
    12    10     6     7   0.079609978249959
    12    11     6     5   0.059457398684826
    12    11     6     8   0.045962842372794
    12    12     6     6   0.083610224046961
    12    12     6     9   0.064066353187992
    12    13     6     4   0.034327745135999
    12    13     6     7   0.026536659416653
    12    15     6     4   0.048272385360518
    12    15     6     7   0.036988726259085
    12     6     7     1   0.014911195855655
    12     6     7     2   0.031264083843895
    12     6     7     3   0.053959647778330
    12     9     7     1   0.003323531915266
    12     9     7     2   0.022963651543286
    12     9     7     3   0.067717692845747
    12    10     7     6   0.036988726259085
    12    10     7     9   0.033442793568901
    12    12     7     4   0.064066353187992
    12    12     7     7   0.057924617608375
    12    13     7     6   0.026536659416653
    12    13     7     9   0.023509290528634
    12    14     7     5   0.045962842372794
    12    14     7     8   0.040719285645491
    12    15     7     6   0.079609978249959
    12    15     7     9   0.070527871585901
    12    11     8     6   0.009051755407599
    12    11     8     9   0.008602665981442
    12    12     8     5   0.009051755407599
    12    12     8     8   0.008602665981442
    12    14     8     4   0.009051755407599
    12    14     8     7   0.008602665981442
    12     4     9     1   0.014911195855655
    12     4     9     2   0.031264083843895
    12     4     9     3   0.053959647778330
    12     7     9     1   0.003323531915266
    12     7     9     2   0.022963651543286
    12     7     9     3   0.067717692845747
    12    10     9     4   0.079609978249959
    12    10     9     7   0.070527871585901
    12    11     9     5   0.045962842372794
    12    11     9     8   0.040719285645491
    12    12     9     6   0.064066353187992
    12    12     9     9   0.057924617608375
    12    13     9     4   0.026536659416653
    12    13     9     7   0.023509290528634
    12    15     9     4   0.036988726259085
    12    15     9     7   0.033442793568901
    12     4    10     6   0.040069361165071
    12     6    10     4   0.040069361165071
    12     7    10     6   0.026858692606255
    12     7    10     9   0.040185063407719
    12     9    10     4   0.026858692606255
    12     9    10     7   0.040185063407719
    12    10    10    12   0.129900235250545
    12    11    10    14   0.061571195366990
    12    12    10     1   0.009559475321736
    12    12    10     2   0.056056570941856
    12    12    10     3   0.095967414857218
    12    12    10    10   0.129900235250545
    12    12    10    13   0.035548146219459
    12    12    10    15   0.106644438658376
    12    13    10    12   0.035548146219459
    12    14    10    11   0.061571195366990
    12    15    10    12   0.106644438658376
    12     5    11     6   0.023134056454910
    12     6    11     5   0.023134056454910
    12     8    11     6   0.015506873406303
    12     8    11     9   0.023200857175849
    12     9    11     5   0.015506873406303
    12     9    11     8   0.023200857175849
    12    10    11    14   0.033950472211705
    12    11    11    12   0.058803942811628
    12    12    11    11   0.058803942811628
    12    13    11    14   0.061571195366990
    12    14    11     1   0.005519165650316
    12    14    11     2   0.032364276323128
    12    14    11     3   0.055406812801247
    12    14    11    10   0.033950472211705
    12    14    11    13   0.061571195366990
    12    14    11    15   0.061571195366990
    12    15    11    14   0.061571195366990
    12     1    12     1   1.263244087695222
    12     2    12     1  -0.139670244887905
    12     2    12     2   0.308190261844900
    12     3    12     1   0.243830017446964
    12     3    12     2   0.385221192620992
    12     3    12     3   0.892619213293887
    12     4    12     4   0.570648042590490
    12     5    12     5   0.524379929680670
    12     6    12     6   0.570648042590490
    12     7    12     4   0.340589477730491
    12     7    12     7   0.687788833031782
    12     8    12     5   0.309575730917886
    12     8    12     8   0.641387118680084
    12     9    12     6   0.340589477730491
    12     9    12     9   0.687788833031782
    12    10    12     1   0.106614952481541
    12    10    12     2   0.381168453039594
    12    10    12     3   0.670093841304231
    12    10    12    10   1.094683568159963
    12    10    12    13   0.341195758573682
    12    10    12    15   0.380398387114767
    12    11    12    11   1.023587275721046
    12    12    12    12   1.141195161344301
    12    13    12     1   0.100241968933718
    12    13    12     2   0.343797405745023
    12    13    12     3   0.606115564732752
    12    13    12    10   0.341195758573682
    12    13    12    13   0.952490983282128
    12    13    12    15   0.341195758573682
    12    14    12    14   1.023587275721045
    12    15    12     1   0.106614952481541
    12    15    12     2   0.381168453039594
    12    15    12     3   0.670093841304231
    12    15    12    10   0.380398387114767
    12    15    12    13   0.341195758573682
    12    15    12    15   1.094683568159963
    12     4    13     6   0.013356453721690
    12     6    13     4   0.013356453721690
    12     7    13     6   0.008952897535418
    12     7    13     9   0.013395021135906
    12     9    13     4   0.008952897535418
    12     9    13     7   0.013395021135906
    12    10    13    12   0.035548146219459
    12    11    13    14   0.033950472211705
    12    12    13     1   0.003186491773912
    12    12    13     2   0.018685523647285
    12    12    13     3   0.031989138285739
    12    12    13    10   0.035548146219459
    12    12    13    13   0.019601314270543
    12    12    13    15   0.035548146219459
    12    13    13    12   0.019601314270543
    12    14    13    11   0.033950472211705
    12    15    13    12   0.035548146219459
    12     4    14     5   0.023134056454910
    12     5    14     4   0.023134056454910
    12     7    14     5   0.015506873406303
    12     7    14     8   0.023200857175849
    12     8    14     4   0.015506873406303
    12     8    14     7   0.023200857175849
    12    10    14    11   0.061571195366990
    12    11    14     1   0.005519165650316
    12    11    14     2   0.032364276323128
    12    11    14     3   0.055406812801247
    12    11    14    10   0.061571195366990
    12    11    14    13   0.061571195366990
    12    11    14    15   0.033950472211705
    12    12    14    14   0.058803942811628
    12    13    14    11   0.061571195366990
    12    14    14    12   0.058803942811628
    12    15    14    11   0.033950472211705
    12     4    15     6   0.040069361165071
    12     6    15     4   0.040069361165071
    12     7    15     6   0.026858692606255
    12     7    15     9   0.040185063407719
    12     9    15     4   0.026858692606255
    12     9    15     7   0.040185063407719
    12    10    15    12   0.106644438658376
    12    11    15    14   0.061571195366990
    12    12    15     1   0.009559475321736
    12    12    15     2   0.056056570941856
    12    12    15     3   0.095967414857218
    12    12    15    10   0.106644438658376
    12    12    15    13   0.035548146219459
    12    12    15    15   0.129900235250545
    12    13    15    12   0.035548146219459
    12    14    15    11   0.061571195366990
    12    15    15    12   0.129900235250545
    13     1     1     1   0.224177976767363
    13     2     1     1  -0.029380456437582
    13     2     1     2   0.037084107258007
    13     3     1     1   0.038381273479330
    13     3     1     2   0.038806936171685
    13     3     1     3   0.088198349882375
    13     4     1     4   0.063671878572873
    13     5     1     5   0.070774519250835
    13     6     1     6   0.063671878572873
    13     7     1     4   0.032100864985202
    13     7     1     7   0.058435547434013
    13     8     1     5   0.034778288969057
    13     8     1     8   0.060796169359833
    13     9     1     6   0.032100864985202
    13     9     1     9   0.058435547434013
    13    10     1     1   0.013976251467264
    13    10     1     2   0.036795678435098
    13    10     1     3   0.062726021197025
    13    10     1    10   0.100241968933718
    13    10     1    13   0.035538317493847
    13    10     1    15   0.033413989644573
    13    11     1    11   0.106614952481541
    13    12     1    12   0.100241968933718
    13    13     1     1   0.015683727998649
    13    13     1     2   0.040388460986173
    13    13     1     3   0.068083509163609
    13    13     1    10   0.035538317493847
    13    13     1    13   0.112987936029365
    13    13     1    15   0.035538317493847
    13    14     1    14   0.106614952481541
    13    15     1     1   0.013976251467264
    13    15     1     2   0.036795678435098
    13    15     1     3   0.062726021197025
    13    15     1    10   0.033413989644573
    13    15     1    13   0.035538317493847
    13    15     1    15   0.100241968933718
    13     1     2     1   0.459890692276927
    13     2     2     1  -0.050653016910859
    13     2     2     2   0.109954083425757
    13     3     2     1   0.088853798388278
    13     3     2     2   0.135572793739250
    13     3     2     3   0.310094789160217
    13     4     2     4   0.190579880874154
    13     5     2     5   0.214637346086906
    13     6     2     6   0.190579880874154
    13     7     2     4   0.110313485871270
    13     7     2     7   0.222288497088683
    13     8     2     5   0.125049085130882
    13     8     2     8   0.242423374949627
    13     9     2     6   0.110313485871270
    13     9     2     9   0.222288497088683
    13    10     2     1   0.036795678435098
    13    10     2     2   0.123840206511658
    13    10     2     3   0.216457981187392
    13    10     2    10   0.343797405745023
    13    10     2    13   0.127056151013198
    13    10     2    15   0.114599135248341
    13    11     2    11   0.381168453039594
    13    12     2    12   0.343797405745023
    13    13     2     1   0.040388460986173
    13    13     2     2   0.142346355466752
    13    13     2     3   0.246992768463047
    13    13     2    10   0.127056151013198
    13    13     2    13   0.418539500334165
    13    13     2    15   0.127056151013198
    13    14     2    14   0.381168453039594
    13    15     2     1   0.036795678435098
    13    15     2     2   0.123840206511658
    13    15     2     3   0.216457981187392
    13    15     2    10   0.114599135248341
    13    15     2    13   0.127056151013198
    13    15     2    15   0.343797405745023
    13     1     3     1   0.787653825782375
    13     2     3     1  -0.087812002909342
    13     2     3     2   0.189728877494960
    13     3     3     1   0.151295252947620
    13     3     3     2   0.237257918910707
    13     3     3     3   0.555728225926339
    13     4     3     4   0.329245226374235
    13     5     3     5   0.367456169826618
    13     6     3     6   0.329245226374235
    13     7     3     4   0.195865667131047
    13     7     3     7   0.410130758982487
    13     8     3     5   0.222116052694231
    13     8     3     8   0.453035854160172
    13     9     3     6   0.195865667131047
    13     9     3     9   0.410130758982487
    13    10     3     1   0.062726021197025
    13    10     3     2   0.216457981187393
    13    10     3     3   0.383019004510007
    13    10     3    10   0.606115564732752
    13    10     3    13   0.223364613768077
    13    10     3    15   0.202038521577584
    13    11     3    11   0.670093841304230
    13    12     3    12   0.606115564732752
    13    13     3     1   0.068083509163609
    13    13     3     2   0.246992768463047
    13    13     3     3   0.436463516767217
    13    13     3    10   0.223364613768077
    13    13     3    13   0.734072117875709
    13    13     3    15   0.223364613768077
    13    14     3    14   0.670093841304231
    13    15     3     1   0.062726021197025
    13    15     3     2   0.216457981187393
    13    15     3     3   0.383019004510007
    13    15     3    10   0.202038521577584
    13    15     3    13   0.223364613768077
    13    15     3    15   0.606115564732752
    13     4     4     1   0.015464769891745
    13     4     4     2   0.024637002282334
    13     4     4     3   0.040247986098411
    13     7     4     1   0.003103779641992
    13     7     4     2   0.015712712864921
    13     7     4     3   0.040124364477761
    13    10     4     4   0.059457398684826
    13    10     4     7   0.045962842372794
    13    11     4     5   0.048272385360518
    13    11     4     8   0.036988726259085
    13    12     4     6   0.034327745135999
    13    12     4     9   0.026536659416653
    13    13     4     4   0.027870074682320
    13    13     4     7   0.021355451062664
    13    15     4     4   0.019819132894942
    13    15     4     7   0.015320947457598
    13     5     5     1   0.046394309675236
    13     5     5     2   0.073911006847001
    13     5     5     3   0.120743958295232
    13     8     5     1   0.009311338925977
    13     8     5     2   0.047138138594764
    13     8     5     3   0.120373093433282
    13    10     5     5   0.059457398684826
    13    10     5     8   0.045962842372794
    13    11     5     4   0.102983235407997
    13    11     5     7   0.079609978249959
    13    13     5     5   0.202525021416613
    13    13     5     8   0.155992037933579
    13    14     5     6   0.102983235407997
    13    14     5     9   0.079609978249959
    13    15     5     5   0.059457398684826
    13    15     5     8   0.045962842372794
    13     6     6     1   0.015464769891745
    13     6     6     2   0.024637002282334
    13     6     6     3   0.040247986098411
    13     9     6     1   0.003103779641992
    13     9     6     2   0.015712712864921
    13     9     6     3   0.040124364477761
    13    10     6     6   0.019819132894942
    13    10     6     9   0.015320947457598
    13    12     6     4   0.034327745135999
    13    12     6     7   0.026536659416653
    13    13     6     6   0.027870074682320
    13    13     6     9   0.021355451062664
    13    14     6     5   0.048272385360518
    13    14     6     8   0.036988726259085
    13    15     6     6   0.059457398684826
    13    15     6     9   0.045962842372794
    13     4     7     1   0.008608982941201
    13     4     7     2   0.018050327223240
    13     4     7     3   0.031153617170196
    13     7     7     1   0.001918842045939
    13     7     7     2   0.013258070400093
    13     7     7     3   0.039096828193392
    13    10     7     4   0.045962842372794
    13    10     7     7   0.040719285645491
    13    11     7     5   0.036988726259085
    13    11     7     8   0.033442793568901
    13    12     7     6   0.026536659416653
    13    12     7     9   0.023509290528634
    13    13     7     4   0.021355451062664
    13    13     7     7   0.019308205869458
    13    15     7     4   0.015320947457598
    13    15     7     7   0.013573095215164
    13     5     8     1   0.025826948823604
    13     5     8     2   0.054150981669720
    13     5     8     3   0.093460851510589
    13     8     8     1   0.005756526137818
    13     8     8     2   0.039774211200279
    13     8     8     3   0.117290484580176
    13    10     8     5   0.045962842372794
    13    10     8     8   0.040719285645491
    13    11     8     4   0.079609978249959
    13    11     8     7   0.070527871585901
    13    13     8     5   0.155992037933579
    13    13     8     8   0.139363188899357
    13    14     8     6   0.079609978249959
    13    14     8     9   0.070527871585901
    13    15     8     5   0.045962842372794
    13    15     8     8   0.040719285645491
    13     6     9     1   0.008608982941201
    13     6     9     2   0.018050327223240
    13     6     9     3   0.031153617170196
    13     9     9     1   0.001918842045939
    13     9     9     2   0.013258070400093
    13     9     9     3   0.039096828193392
    13    10     9     6   0.015320947457598
    13    10     9     9   0.013573095215164
    13    12     9     4   0.026536659416653
    13    12     9     7   0.023509290528634
    13    13     9     6   0.021355451062664
    13    13     9     9   0.019308205869458
    13    14     9     5   0.036988726259085
    13    14     9     8   0.033442793568901
    13    15     9     6   0.045962842372794
    13    15     9     9   0.040719285645491
    13     1    10     1   0.421081362565074
    13     2    10     1  -0.046556748295968
    13     2    10     2   0.102730087281633
    13     3    10     1   0.081276672482321
    13     3    10     2   0.128407064206997
    13     3    10     3   0.297539737764629
    13     4    10     4   0.190216014196830
    13     5    10     5   0.190216014196830
    13     6    10     6   0.174793309893557
    13     7    10     4   0.113529825910164
    13     7    10     7   0.229262944343927
    13     8    10     5   0.113529825910164
    13     8    10     8   0.229262944343927
    13     9    10     6   0.103191910305962
    13     9    10     9   0.213795706226695
    13    10    10     1   0.035538317493847
    13    10    10     2   0.127056151013198
    13    10    10     3   0.223364613768077
    13    10    10    10   0.364894522719988
    13    10    10    13   0.126799462371589
    13    10    10    15   0.113731919524561
    13    11    10    11   0.380398387114767
    13    12    10    12   0.341195758573682
    13    13    10     1   0.035538317493847
    13    13    10     2   0.127056151013198
    13    13    10     3   0.223364613768077
    13    13    10    10   0.126799462371589
    13    13    10    13   0.364894522719988
    13    13    10    15   0.113731919524561
    13    14    10    14   0.341195758573682
    13    15    10     1   0.033413989644573
    13    15    10     2   0.114599135248341
    13    15    10     3   0.202038521577584
    13    15    10    10   0.113731919524561
    13    15    10    13   0.113731919524561
    13    15    10    15   0.317496994427376
    13     4    11     5   0.040069361165071
    13     5    11     4   0.040069361165071
    13     7    11     5   0.026858692606255
    13     7    11     8   0.040185063407719
    13     8    11     4   0.026858692606255
    13     8    11     7   0.040185063407719
    13    10    11    11   0.106644438658376
    13    11    11     1   0.009559475321736
    13    11    11     2   0.056056570941856
    13    11    11     3   0.095967414857218
    13    11    11    10   0.106644438658376
    13    11    11    13   0.129900235250545
    13    11    11    15   0.035548146219459
    13    12    11    14   0.061571195366990
    13    13    11    11   0.129900235250545
    13    14    11    12   0.061571195366990
    13    15    11    11   0.035548146219459
    13     4    12     6   0.013356453721690
    13     6    12     4   0.013356453721690
    13     7    12     6   0.008952897535418
    13     7    12     9   0.013395021135906
    13     9    12     4   0.008952897535418
    13     9    12     7   0.013395021135906
    13    10    12    12   0.035548146219459
    13    11    12    14   0.033950472211705
    13    12    12     1   0.003186491773912
    13    12    12     2   0.018685523647285
    13    12    12     3   0.031989138285739
    13    12    12    10   0.035548146219459
    13    12    12    13   0.019601314270543
    13    12    12    15   0.035548146219459
    13    13    12    12   0.019601314270543
    13    14    12    11   0.033950472211705
    13    15    12    12   0.035548146219459
    13     1    13     1   1.263244087695222
    13     2    13     1  -0.139670244887905
    13     2    13     2   0.308190261844900
    13     3    13     1   0.243830017446964
    13     3    13     2   0.385221192620992
    13     3    13     3   0.892619213293887
    13     4    13     4   0.524379929680670
    13     5    13     5   0.616916155500309
    13     6    13     6   0.524379929680670
    13     7    13     4   0.309575730917885
    13     7    13     7   0.641387118680084
    13     8    13     5   0.371603224543097
    13     8    13     8   0.734190547383480
    13     9    13     6   0.309575730917885
    13     9    13     9   0.641387118680084
    13    10    13     1   0.100241968933718
    13    10    13     2   0.343797405745023
    13    10    13     3   0.606115564732752
    13    10    13    10   0.952490983282129
    13    10    13    13   0.364894522719988
    13    10    13    15   0.317496994427376
    13    11    13    11   1.094683568159963
    13    12    13    12   0.952490983282129
    13    13    13     1   0.112987936029365
    13    13    13     2   0.418539500334165
    13    13    13     3   0.734072117875710
    13    13    13    10   0.364894522719988
    13    13    13    13   1.267883881827356
    13    13    13    15   0.364894522719988
    13    14    13    14   1.094683568159963
    13    15    13     1   0.100241968933718
    13    15    13     2   0.343797405745023
    13    15    13     3   0.606115564732752
    13    15    13    10   0.317496994427376
    13    15    13    13   0.364894522719988
    13    15    13    15   0.952490983282129
    13     5    14     6   0.040069361165071
    13     6    14     5   0.040069361165071
    13     8    14     6   0.026858692606255
    13     8    14     9   0.040185063407719
    13     9    14     5   0.026858692606255
    13     9    14     8   0.040185063407719
    13    10    14    14   0.035548146219459
    13    11    14    12   0.061571195366990
    13    12    14    11   0.061571195366990
    13    13    14    14   0.129900235250545
    13    14    14     1   0.009559475321736
    13    14    14     2   0.056056570941856
    13    14    14     3   0.095967414857218
    13    14    14    10   0.035548146219459
    13    14    14    13   0.129900235250545
    13    14    14    15   0.106644438658376
    13    15    14    14   0.106644438658376
    13     1    15     1   0.421081362565074
    13     2    15     1  -0.046556748295968
    13     2    15     2   0.102730087281633
    13     3    15     1   0.081276672482321
    13     3    15     2   0.128407064206997
    13     3    15     3   0.297539737764629
    13     4    15     4   0.174793309893557
    13     5    15     5   0.190216014196830
    13     6    15     6   0.190216014196830
    13     7    15     4   0.103191910305962
    13     7    15     7   0.213795706226695
    13     8    15     5   0.113529825910164
    13     8    15     8   0.229262944343927
    13     9    15     6   0.113529825910164
    13     9    15     9   0.229262944343927
    13    10    15     1   0.033413989644573
    13    10    15     2   0.114599135248341
    13    10    15     3   0.202038521577584
    13    10    15    10   0.317496994427376
    13    10    15    13   0.113731919524561
    13    10    15    15   0.113731919524561
    13    11    15    11   0.341195758573682
    13    12    15    12   0.341195758573682
    13    13    15     1   0.035538317493847
    13    13    15     2   0.127056151013198
    13    13    15     3   0.223364613768077
    13    13    15    10   0.113731919524561
    13    13    15    13   0.364894522719988
    13    13    15    15   0.126799462371589
    13    14    15    14   0.380398387114767
    13    15    15     1   0.035538317493847
    13    15    15     2   0.127056151013198
    13    15    15     3   0.223364613768077
    13    15    15    10   0.113731919524561
    13    15    15    13   0.126799462371589
    13    15    15    15   0.364894522719988
    14     5     1     6   0.006151067261068
    14     6     1     5   0.006151067261068
    14     8     1     6   0.002318717186720
    14     8     1     9   0.002044358556491
    14     9     1     5   0.002318717186720
    14     9     1     8   0.002044358556491
    14    10     1    14   0.003186491773912
    14    11     1    12   0.005519165650316
    14    12     1    11   0.005519165650316
    14    13     1    14   0.009559475321736
    14    14     1     1   0.002561214797078
    14    14     1     2   0.005389173826613
    14    14     1     3   0.008036231949876
    14    14     1    10   0.003186491773912
    14    14     1    13   0.009559475321736
    14    14     1    15   0.009559475321736
    14    15     1    14   0.009559475321736
    14     5     2     6   0.020834376024903
    14     6     2     5   0.020834376024903
    14     8     2     6   0.012761403298811
    14     8     2     9   0.017437315729674
    14     9     2     5   0.012761403298811
    14     9     2     8   0.017437315729674
    14    10     2    14   0.018685523647285
    14    11     2    12   0.032364276323128
    14    12     2    11   0.032364276323128
    14    13     2    14   0.056056570941856
    14    14     2     1   0.005389173826613
    14    14     2     2   0.027759223432642
    14    14     2     3   0.045802180913482
    14    14     2    10   0.018685523647285
    14    14     2    13   0.056056570941856
    14    14     2    15   0.056056570941856
    14    15     2    14   0.056056570941856
    14     5     3     6   0.033091647732334
    14     6     3     5   0.033091647732334
    14     8     3     6   0.022733500756853
    14     8     3     9   0.037156902375665
    14     9     3     5   0.022733500756853
    14     9     3     8   0.037156902375665
    14    10     3    14   0.031989138285739
    14    11     3    12   0.055406812801247
    14    12     3    11   0.055406812801247
    14    13     3    14   0.095967414857218
    14    14     3     1   0.008036231949876
    14    14     3     2   0.045802180913482
    14    14     3     3   0.080166768385815
    14    14     3    10   0.031989138285739
    14    14     3    13   0.095967414857218
    14    14     3    15   0.095967414857218
    14    15     3    14   0.095967414857218
    14    11     4     6   0.012076412681068
    14    11     4     9   0.009051755407599
    14    12     4     5   0.012076412681068
    14    12     4     8   0.009051755407599
    14    14     4     4   0.012076412681068
    14    14     4     7   0.009051755407599
    14     6     5     1   0.026785767179865
    14     6     5     2   0.042672539699192
    14     6     5     3   0.069711556824773
    14     9     5     1   0.005375904035429
    14     9     5     2   0.027215217006785
    14     9     5     3   0.069497437896893
    14    10     5     6   0.034327745135999
    14    10     5     9   0.026536659416653
    14    12     5     4   0.059457398684826
    14    12     5     7   0.045962842372794
    14    13     5     6   0.048272385360518
    14    13     5     9   0.036988726259085
    14    14     5     5   0.083610224046961
    14    14     5     8   0.064066353187992
    14    15     5     6   0.102983235407997
    14    15     5     9   0.079609978249959
    14     5     6     1   0.026785767179865
    14     5     6     2   0.042672539699192
    14     5     6     3   0.069711556824773
    14     8     6     1   0.005375904035429
    14     8     6     2   0.027215217006785
    14     8     6     3   0.069497437896893
    14    10     6     5   0.034327745135999
    14    10     6     8   0.026536659416653
    14    11     6     4   0.059457398684826
    14    11     6     7   0.045962842372794
    14    13     6     5   0.102983235407997
    14    13     6     8   0.079609978249959
    14    14     6     6   0.083610224046961
    14    14     6     9   0.064066353187992
    14    15     6     5   0.048272385360518
    14    15     6     8   0.036988726259085
    14    11     7     6   0.009051755407599
    14    11     7     9   0.008602665981442
    14    12     7     5   0.009051755407599
    14    12     7     8   0.008602665981442
    14    14     7     4   0.009051755407599
    14    14     7     7   0.008602665981442
    14     6     8     1   0.014911195855655
    14     6     8     2   0.031264083843895
    14     6     8     3   0.053959647778330
    14     9     8     1   0.003323531915266
    14     9     8     2   0.022963651543286
    14     9     8     3   0.067717692845747
    14    10     8     6   0.026536659416653
    14    10     8     9   0.023509290528634
    14    12     8     4   0.045962842372794
    14    12     8     7   0.040719285645491
    14    13     8     6   0.036988726259085
    14    13     8     9   0.033442793568901
    14    14     8     5   0.064066353187992
    14    14     8     8   0.057924617608375
    14    15     8     6   0.079609978249959
    14    15     8     9   0.070527871585901
    14     5     9     1   0.014911195855655
    14     5     9     2   0.031264083843895
    14     5     9     3   0.053959647778330
    14     8     9     1   0.003323531915266
    14     8     9     2   0.022963651543286
    14     8     9     3   0.067717692845747
    14    10     9     5   0.026536659416653
    14    10     9     8   0.023509290528634
    14    11     9     4   0.045962842372794
    14    11     9     7   0.040719285645491
    14    13     9     5   0.079609978249959
    14    13     9     8   0.070527871585901
    14    14     9     6   0.064066353187992
    14    14     9     9   0.057924617608375
    14    15     9     5   0.036988726259085
    14    15     9     8   0.033442793568901
    14     5    10     6   0.013356453721690
    14     6    10     5   0.013356453721690
    14     8    10     6   0.008952897535418
    14     8    10     9   0.013395021135906
    14     9    10     5   0.008952897535418
    14     9    10     8   0.013395021135906
    14    10    10    14   0.019601314270543
    14    11    10    12   0.033950472211705
    14    12    10    11   0.033950472211705
    14    13    10    14   0.035548146219459
    14    14    10     1   0.003186491773912
    14    14    10     2   0.018685523647285
    14    14    10     3   0.031989138285739
    14    14    10    10   0.019601314270543
    14    14    10    13   0.035548146219459
    14    14    10    15   0.035548146219459
    14    15    10    14   0.035548146219459
    14     4    11     6   0.023134056454910
    14     6    11     4   0.023134056454910
    14     7    11     6   0.015506873406303
    14     7    11     9   0.023200857175849
    14     9    11     4   0.015506873406303
    14     9    11     7   0.023200857175849
    14    10    11    12   0.061571195366990
    14    11    11    14   0.058803942811628
    14    12    11     1   0.005519165650316
    14    12    11     2   0.032364276323128
    14    12    11     3   0.055406812801247
    14    12    11    10   0.061571195366990
    14    12    11    13   0.033950472211705
    14    12    11    15   0.061571195366990
    14    13    11    12   0.033950472211705
    14    14    11    11   0.058803942811628
    14    15    11    12   0.061571195366990
    14     4    12     5   0.023134056454910
    14     5    12     4   0.023134056454910
    14     7    12     5   0.015506873406303
    14     7    12     8   0.023200857175849
    14     8    12     4   0.015506873406303
    14     8    12     7   0.023200857175849
    14    10    12    11   0.061571195366990
    14    11    12     1   0.005519165650316
    14    11    12     2   0.032364276323128
    14    11    12     3   0.055406812801247
    14    11    12    10   0.061571195366990
    14    11    12    13   0.061571195366990
    14    11    12    15   0.033950472211705
    14    12    12    14   0.058803942811628
    14    13    12    11   0.061571195366990
    14    14    12    12   0.058803942811628
    14    15    12    11   0.033950472211705
    14     5    13     6   0.040069361165071
    14     6    13     5   0.040069361165071
    14     8    13     6   0.026858692606255
    14     8    13     9   0.040185063407719
    14     9    13     5   0.026858692606255
    14     9    13     8   0.040185063407719
    14    10    13    14   0.035548146219459
    14    11    13    12   0.061571195366990
    14    12    13    11   0.061571195366990
    14    13    13    14   0.129900235250545
    14    14    13     1   0.009559475321736
    14    14    13     2   0.056056570941856
    14    14    13     3   0.095967414857218
    14    14    13    10   0.035548146219459
    14    14    13    13   0.129900235250545
    14    14    13    15   0.106644438658376
    14    15    13    14   0.106644438658376
    14     1    14     1   1.263244087695222
    14     2    14     1  -0.139670244887905
    14     2    14     2   0.308190261844900
    14     3    14     1   0.243830017446964
    14     3    14     2   0.385221192620992
    14     3    14     3   0.892619213293887
    14     4    14     4   0.524379929680670
    14     5    14     5   0.570648042590490
    14     6    14     6   0.570648042590490
    14     7    14     4   0.309575730917886
    14     7    14     7   0.641387118680084
    14     8    14     5   0.340589477730491
    14     8    14     8   0.687788833031782
    14     9    14     6   0.340589477730491
    14     9    14     9   0.687788833031782
    14    10    14     1   0.100241968933718
    14    10    14     2   0.343797405745023
    14    10    14     3   0.606115564732752
    14    10    14    10   0.952490983282128
    14    10    14    13   0.341195758573682
    14    10    14    15   0.341195758573682
    14    11    14    11   1.023587275721045
    14    12    14    12   1.023587275721045
    14    13    14     1   0.106614952481541
    14    13    14     2   0.381168453039594
    14    13    14     3   0.670093841304231
    14    13    14    10   0.341195758573682
    14    13    14    13   1.094683568159963
    14    13    14    15   0.380398387114767
    14    14    14    14   1.141195161344301
    14    15    14     1   0.106614952481541
    14    15    14     2   0.381168453039594
    14    15    14     3   0.670093841304231
    14    15    14    10   0.341195758573682
    14    15    14    13   0.380398387114767
    14    15    14    15   1.094683568159963
    14     5    15     6   0.040069361165071
    14     6    15     5   0.040069361165071
    14     8    15     6   0.026858692606255
    14     8    15     9   0.040185063407719
    14     9    15     5   0.026858692606255
    14     9    15     8   0.040185063407719
    14    10    15    14   0.035548146219459
    14    11    15    12   0.061571195366990
    14    12    15    11   0.061571195366990
    14    13    15    14   0.106644438658376
    14    14    15     1   0.009559475321736
    14    14    15     2   0.056056570941856
    14    14    15     3   0.095967414857218
    14    14    15    10   0.035548146219459
    14    14    15    13   0.106644438658376
    14    14    15    15   0.129900235250545
    14    15    15    14   0.129900235250545
    15     1     1     1   0.224177976767363
    15     2     1     1  -0.029380456437582
    15     2     1     2   0.037084107258007
    15     3     1     1   0.038381273479330
    15     3     1     2   0.038806936171685
    15     3     1     3   0.088198349882375
    15     4     1     4   0.063671878572873
    15     5     1     5   0.063671878572873
    15     6     1     6   0.070774519250835
    15     7     1     4   0.032100864985202
    15     7     1     7   0.058435547434013
    15     8     1     5   0.032100864985202
    15     8     1     8   0.058435547434013
    15     9     1     6   0.034778288969057
    15     9     1     9   0.060796169359833
    15    10     1     1   0.013976251467264
    15    10     1     2   0.036795678435098
    15    10     1     3   0.062726021197025
    15    10     1    10   0.100241968933718
    15    10     1    13   0.033413989644573
    15    10     1    15   0.035538317493847
    15    11     1    11   0.100241968933718
    15    12     1    12   0.106614952481541
    15    13     1     1   0.013976251467264
    15    13     1     2   0.036795678435098
    15    13     1     3   0.062726021197025
    15    13     1    10   0.033413989644573
    15    13     1    13   0.100241968933718
    15    13     1    15   0.035538317493847
    15    14     1    14   0.106614952481541
    15    15     1     1   0.015683727998649
    15    15     1     2   0.040388460986173
    15    15     1     3   0.068083509163609
    15    15     1    10   0.035538317493847
    15    15     1    13   0.035538317493847
    15    15     1    15   0.112987936029365
    15     1     2     1   0.459890692276927
    15     2     2     1  -0.050653016910859
    15     2     2     2   0.109954083425757
    15     3     2     1   0.088853798388278
    15     3     2     2   0.135572793739250
    15     3     2     3   0.310094789160217
    15     4     2     4   0.190579880874154
    15     5     2     5   0.190579880874154
    15     6     2     6   0.214637346086906
    15     7     2     4   0.110313485871270
    15     7     2     7   0.222288497088683
    15     8     2     5   0.110313485871270
    15     8     2     8   0.222288497088683
    15     9     2     6   0.125049085130882
    15     9     2     9   0.242423374949627
    15    10     2     1   0.036795678435098
    15    10     2     2   0.123840206511658
    15    10     2     3   0.216457981187392
    15    10     2    10   0.343797405745023
    15    10     2    13   0.114599135248341
    15    10     2    15   0.127056151013198
    15    11     2    11   0.343797405745023
    15    12     2    12   0.381168453039594
    15    13     2     1   0.036795678435098
    15    13     2     2   0.123840206511658
    15    13     2     3   0.216457981187392
    15    13     2    10   0.114599135248341
    15    13     2    13   0.343797405745023
    15    13     2    15   0.127056151013198
    15    14     2    14   0.381168453039594
    15    15     2     1   0.040388460986173
    15    15     2     2   0.142346355466752
    15    15     2     3   0.246992768463047
    15    15     2    10   0.127056151013198
    15    15     2    13   0.127056151013198
    15    15     2    15   0.418539500334165
    15     1     3     1   0.787653825782375
    15     2     3     1  -0.087812002909342
    15     2     3     2   0.189728877494960
    15     3     3     1   0.151295252947620
    15     3     3     2   0.237257918910707
    15     3     3     3   0.555728225926339
    15     4     3     4   0.329245226374235
    15     5     3     5   0.329245226374235
    15     6     3     6   0.367456169826618
    15     7     3     4   0.195865667131047
    15     7     3     7   0.410130758982487
    15     8     3     5   0.195865667131047
    15     8     3     8   0.410130758982487
    15     9     3     6   0.222116052694231
    15     9     3     9   0.453035854160172
    15    10     3     1   0.062726021197025
    15    10     3     2   0.216457981187393
    15    10     3     3   0.383019004510007
    15    10     3    10   0.606115564732752
    15    10     3    13   0.202038521577584
    15    10     3    15   0.223364613768077
    15    11     3    11   0.606115564732752
    15    12     3    12   0.670093841304230
    15    13     3     1   0.062726021197025
    15    13     3     2   0.216457981187393
    15    13     3     3   0.383019004510007
    15    13     3    10   0.202038521577584
    15    13     3    13   0.606115564732752
    15    13     3    15   0.223364613768077
    15    14     3    14   0.670093841304230
    15    15     3     1   0.068083509163609
    15    15     3     2   0.246992768463047
    15    15     3     3   0.436463516767217
    15    15     3    10   0.223364613768077
    15    15     3    13   0.223364613768077
    15    15     3    15   0.734072117875709
    15     4     4     1   0.015464769891745
    15     4     4     2   0.024637002282334
    15     4     4     3   0.040247986098411
    15     7     4     1   0.003103779641992
    15     7     4     2   0.015712712864921
    15     7     4     3   0.040124364477761
    15    10     4     4   0.059457398684826
    15    10     4     7   0.045962842372794
    15    11     4     5   0.034327745135999
    15    11     4     8   0.026536659416653
    15    12     4     6   0.048272385360518
    15    12     4     9   0.036988726259085
    15    13     4     4   0.019819132894942
    15    13     4     7   0.015320947457598
    15    15     4     4   0.027870074682320
    15    15     4     7   0.021355451062664
    15     5     5     1   0.015464769891745
    15     5     5     2   0.024637002282334
    15     5     5     3   0.040247986098411
    15     8     5     1   0.003103779641992
    15     8     5     2   0.015712712864921
    15     8     5     3   0.040124364477761
    15    10     5     5   0.019819132894942
    15    10     5     8   0.015320947457598
    15    11     5     4   0.034327745135999
    15    11     5     7   0.026536659416653
    15    13     5     5   0.059457398684826
    15    13     5     8   0.045962842372794
    15    14     5     6   0.048272385360518
    15    14     5     9   0.036988726259085
    15    15     5     5   0.027870074682320
    15    15     5     8   0.021355451062664
    15     6     6     1   0.046394309675236
    15     6     6     2   0.073911006847001
    15     6     6     3   0.120743958295232
    15     9     6     1   0.009311338925977
    15     9     6     2   0.047138138594764
    15     9     6     3   0.120373093433282
    15    10     6     6   0.059457398684826
    15    10     6     9   0.045962842372794
    15    12     6     4   0.102983235407997
    15    12     6     7   0.079609978249959
    15    13     6     6   0.059457398684826
    15    13     6     9   0.045962842372794
    15    14     6     5   0.102983235407997
    15    14     6     8   0.079609978249959
    15    15     6     6   0.202525021416613
    15    15     6     9   0.155992037933579
    15     4     7     1   0.008608982941201
    15     4     7     2   0.018050327223240
    15     4     7     3   0.031153617170196
    15     7     7     1   0.001918842045939
    15     7     7     2   0.013258070400093
    15     7     7     3   0.039096828193392
    15    10     7     4   0.045962842372794
    15    10     7     7   0.040719285645491
    15    11     7     5   0.026536659416653
    15    11     7     8   0.023509290528634
    15    12     7     6   0.036988726259085
    15    12     7     9   0.033442793568901
    15    13     7     4   0.015320947457598
    15    13     7     7   0.013573095215164
    15    15     7     4   0.021355451062664
    15    15     7     7   0.019308205869458
    15     5     8     1   0.008608982941201
    15     5     8     2   0.018050327223240
    15     5     8     3   0.031153617170196
    15     8     8     1   0.001918842045939
    15     8     8     2   0.013258070400093
    15     8     8     3   0.039096828193392
    15    10     8     5   0.015320947457598
    15    10     8     8   0.013573095215164
    15    11     8     4   0.026536659416653
    15    11     8     7   0.023509290528634
    15    13     8     5   0.045962842372794
    15    13     8     8   0.040719285645491
    15    14     8     6   0.036988726259085
    15    14     8     9   0.033442793568901
    15    15     8     5   0.021355451062664
    15    15     8     8   0.019308205869458
    15     6     9     1   0.025826948823604
    15     6     9     2   0.054150981669720
    15     6     9     3   0.093460851510589
    15     9     9     1   0.005756526137818
    15     9     9     2   0.039774211200279
    15     9     9     3   0.117290484580176
    15    10     9     6   0.045962842372794
    15    10     9     9   0.040719285645491
    15    12     9     4   0.079609978249959
    15    12     9     7   0.070527871585901
    15    13     9     6   0.045962842372794
    15    13     9     9   0.040719285645491
    15    14     9     5   0.079609978249959
    15    14     9     8   0.070527871585901
    15    15     9     6   0.155992037933579
    15    15     9     9   0.139363188899357
    15     1    10     1   0.421081362565074
    15     2    10     1  -0.046556748295968
    15     2    10     2   0.102730087281633
    15     3    10     1   0.081276672482321
    15     3    10     2   0.128407064206997
    15     3    10     3   0.297539737764629
    15     4    10     4   0.190216014196830
    15     5    10     5   0.174793309893557
    15     6    10     6   0.190216014196830
    15     7    10     4   0.113529825910164
    15     7    10     7   0.229262944343927
    15     8    10     5   0.103191910305962
    15     8    10     8   0.213795706226695
    15     9    10     6   0.113529825910164
    15     9    10     9   0.229262944343927
    15    10    10     1   0.035538317493847
    15    10    10     2   0.127056151013198
    15    10    10     3   0.223364613768077
    15    10    10    10   0.364894522719988
    15    10    10    13   0.113731919524561
    15    10    10    15   0.126799462371589
    15    11    10    11   0.341195758573682
    15    12    10    12   0.380398387114767
    15    13    10     1   0.033413989644573
    15    13    10     2   0.114599135248341
    15    13    10     3   0.202038521577584
    15    13    10    10   0.113731919524561
    15    13    10    13   0.317496994427376
    15    13    10    15   0.113731919524561
    15    14    10    14   0.341195758573682
    15    15    10     1   0.035538317493847
    15    15    10     2   0.127056151013198
    15    15    10     3   0.223364613768077
    15    15    10    10   0.126799462371589
    15    15    10    13   0.113731919524561
    15    15    10    15   0.364894522719988
    15     4    11     5   0.013356453721690
    15     5    11     4   0.013356453721690
    15     7    11     5   0.008952897535418
    15     7    11     8   0.013395021135906
    15     8    11     4   0.008952897535418
    15     8    11     7   0.013395021135906
    15    10    11    11   0.035548146219459
    15    11    11     1   0.003186491773912
    15    11    11     2   0.018685523647285
    15    11    11     3   0.031989138285739
    15    11    11    10   0.035548146219459
    15    11    11    13   0.035548146219459
    15    11    11    15   0.019601314270543
    15    12    11    14   0.033950472211705
    15    13    11    11   0.035548146219459
    15    14    11    12   0.033950472211705
    15    15    11    11   0.019601314270543
    15     4    12     6   0.040069361165071
    15     6    12     4   0.040069361165071
    15     7    12     6   0.026858692606255
    15     7    12     9   0.040185063407719
    15     9    12     4   0.026858692606255
    15     9    12     7   0.040185063407719
    15    10    12    12   0.106644438658376
    15    11    12    14   0.061571195366990
    15    12    12     1   0.009559475321736
    15    12    12     2   0.056056570941856
    15    12    12     3   0.095967414857218
    15    12    12    10   0.106644438658376
    15    12    12    13   0.035548146219459
    15    12    12    15   0.129900235250545
    15    13    12    12   0.035548146219459
    15    14    12    11   0.061571195366990
    15    15    12    12   0.129900235250545
    15     1    13     1   0.421081362565074
    15     2    13     1  -0.046556748295968
    15     2    13     2   0.102730087281633
    15     3    13     1   0.081276672482321
    15     3    13     2   0.128407064206997
    15     3    13     3   0.297539737764629
    15     4    13     4   0.174793309893557
    15     5    13     5   0.190216014196830
    15     6    13     6   0.190216014196830
    15     7    13     4   0.103191910305962
    15     7    13     7   0.213795706226695
    15     8    13     5   0.113529825910164
    15     8    13     8   0.229262944343927
    15     9    13     6   0.113529825910164
    15     9    13     9   0.229262944343927
    15    10    13     1   0.033413989644573
    15    10    13     2   0.114599135248341
    15    10    13     3   0.202038521577584
    15    10    13    10   0.317496994427376
    15    10    13    13   0.113731919524561
    15    10    13    15   0.113731919524561
    15    11    13    11   0.341195758573682
    15    12    13    12   0.341195758573682
    15    13    13     1   0.035538317493847
    15    13    13     2   0.127056151013198
    15    13    13     3   0.223364613768077
    15    13    13    10   0.113731919524561
    15    13    13    13   0.364894522719988
    15    13    13    15   0.126799462371589
    15    14    13    14   0.380398387114767
    15    15    13     1   0.035538317493847
    15    15    13     2   0.127056151013198
    15    15    13     3   0.223364613768077
    15    15    13    10   0.113731919524561
    15    15    13    13   0.126799462371589
    15    15    13    15   0.364894522719988
    15     5    14     6   0.040069361165071
    15     6    14     5   0.040069361165071
    15     8    14     6   0.026858692606255
    15     8    14     9   0.040185063407719
    15     9    14     5   0.026858692606255
    15     9    14     8   0.040185063407719
    15    10    14    14   0.035548146219459
    15    11    14    12   0.061571195366990
    15    12    14    11   0.061571195366990
    15    13    14    14   0.106644438658376
    15    14    14     1   0.009559475321736
    15    14    14     2   0.056056570941856
    15    14    14     3   0.095967414857218
    15    14    14    10   0.035548146219459
    15    14    14    13   0.106644438658376
    15    14    14    15   0.129900235250545
    15    15    14    14   0.129900235250545
    15     1    15     1   1.263244087695222
    15     2    15     1  -0.139670244887905
    15     2    15     2   0.308190261844900
    15     3    15     1   0.243830017446964
    15     3    15     2   0.385221192620992
    15     3    15     3   0.892619213293887
    15     4    15     4   0.524379929680670
    15     5    15     5   0.524379929680670
    15     6    15     6   0.616916155500309
    15     7    15     4   0.309575730917885
    15     7    15     7   0.641387118680084
    15     8    15     5   0.309575730917885
    15     8    15     8   0.641387118680084
    15     9    15     6   0.371603224543097
    15     9    15     9   0.734190547383480
    15    10    15     1   0.100241968933718
    15    10    15     2   0.343797405745023
    15    10    15     3   0.606115564732752
    15    10    15    10   0.952490983282129
    15    10    15    13   0.317496994427376
    15    10    15    15   0.364894522719988
    15    11    15    11   0.952490983282129
    15    12    15    12   1.094683568159963
    15    13    15     1   0.100241968933718
    15    13    15     2   0.343797405745023
    15    13    15     3   0.606115564732752
    15    13    15    10   0.317496994427376
    15    13    15    13   0.952490983282129
    15    13    15    15   0.364894522719988
    15    14    15    14   1.094683568159963
    15    15    15     1   0.112987936029365
    15    15    15     2   0.418539500334165
    15    15    15     3   0.734072117875710
    15    15    15    10   0.364894522719988
    15    15    15    13   0.364894522719988
    15    15    15    15   1.267883881827356
